397.982	0
398.361	0
398.74	0
399.12	0
399.499	2.24043453056062E-8
399.878	2.2210146017886E-8
400.257	2.20398245676119E-8
400.636	2.1755576404433E-8
401.015	2.15602343404249E-8
401.394	2.13324629580171E-8
401.773	2.12464560066108E-8
402.152	2.09330622640491E-8
402.531	2.08921563779872E-8
402.91	2.07285250213525E-8
403.289	2.05232807404038E-8
403.668	2.02862168754018E-8
404.047	2.01247965845107E-8
404.426	1.99630957900594E-8
404.804	1.9775148643964E-8
405.183	1.96607785106831E-8
405.562	1.94384543413978E-8
405.94	1.92600803698771E-8
406.319	1.91788756986977E-8
406.697	1.89814351680957E-8
407.076	1.87431204262674E-8
407.454	1.87055007799935E-8
407.833	1.85242261124479E-8
408.211	1.83166125127182E-8
408.589	1.82958577234616E-8
408.968	1.81285636997008E-8
409.346	1.7929769747406E-8
409.724	1.77794931395392E-8
410.103	1.76608827070517E-8
410.481	1.7506142942881E-8
410.859	1.73312732779955E-8
411.237	1.72023729189641E-8
411.615	1.70931799997691E-8
411.993	1.69738816687026E-8
412.371	1.68333771089696E-8
412.749	1.66921905839876E-8
413.127	1.65668776822376E-8
413.505	1.64137905738374E-8
413.883	1.63490721812042E-8
414.261	1.6124344660493E-8
414.638	1.60785440235653E-8
415.016	1.59574606518014E-8
415.394	1.58113884172337E-8
415.772	1.56249293661137E-8
416.149	1.55833992307794E-8
416.527	1.53817790779398E-8
416.904	1.53060943541815E-8
417.282	1.51843071214437E-8
417.659	1.50802855781021E-8
418.037	1.49582850675666E-8
418.414	1.49427308949559E-8
418.792	1.47572372812972E-8
419.169	1.46570455626916E-8
419.546	1.46113317790213E-8
419.924	1.44031585980012E-8
420.301	1.43195378203891E-8
420.678	1.42280571755123E-8
421.055	1.42003792308527E-8
421.432	1.41310685666809E-8
421.81	1.40269785756992E-8
422.187	1.39376634863492E-8
422.564	1.38677022861922E-8
422.941	1.38154951239679E-8
423.318	1.37465990820804E-8
423.695	1.36354809136554E-8
424.071	1.36024870103424E-8
424.448	1.35311984946041E-8
424.825	1.35056347982449E-8
425.202	1.34107472815689E-8
425.579	1.33179563743175E-8
425.955	1.32783034256635E-8
426.332	1.31943920145255E-8
426.709	1.30994236980959E-8
427.085	1.31171668124301E-8
427.462	1.29571016794954E-8
427.838	1.2958729357477E-8
428.215	1.28605914166166E-8
428.591	1.28465259901188E-8
428.968	1.27831254001048E-8
429.344	1.26892964293565E-8
429.72	1.26161265630265E-8
430.097	1.25534144673592E-8
430.473	1.24812214752386E-8
430.849	1.2434644929802E-8
431.225	1.23966932737719E-8
431.602	1.2299700545166E-8
431.978	1.2279534542204E-8
432.354	1.21945737895733E-8
432.73	1.21744058020136E-8
433.106	1.20873142907808E-8
433.482	1.20412877406019E-8
433.858	1.19963337525545E-8
434.234	1.19021523446313E-8
434.609	1.18785503184901E-8
434.985	1.17831072771094E-8
435.361	1.17718181977091E-8
435.737	1.17229877602768E-8
436.113	1.1619174135602E-8
436.488	1.16026782632036E-8
436.864	1.15570009461916E-8
437.24	1.14701980293255E-8
437.615	1.1451332480572E-8
437.991	1.13857049162526E-8
438.366	1.13495852190626E-8
438.742	1.12890905240108E-8
439.117	1.12592529679852E-8
439.492	1.11959904494083E-8
439.868	1.11329849985795E-8
440.243	1.10939699236016E-8
440.618	1.10748778479453E-8
440.994	1.0991671113355E-8
441.369	1.09876514848636E-8
441.744	1.09526186278275E-8
442.119	1.09295500733232E-8
442.494	1.08906054105464E-8
442.869	1.08658382517839E-8
443.244	1.08348511126317E-8
443.619	1.07954534365104E-8
443.994	1.07730798617033E-8
444.369	1.07418365412161E-8
444.744	1.06807802727787E-8
445.119	1.06684390723716E-8
445.494	1.0597889028933E-8
445.868	1.06181843838214E-8
446.243	1.05724300527262E-8
446.618	1.05384795743958E-8
446.993	1.04831878383395E-8
447.367	1.04762364437072E-8
447.742	1.04226484310372E-8
448.116	1.04158597952927E-8
448.491	1.03805507705317E-8
448.865	1.03567831279242E-8
449.24	1.03114147904979E-8
449.614	1.02765439398023E-8
449.988	1.02799193441523E-8
450.363	1.02519385761234E-8
450.737	1.02049693047985E-8
451.111	1.02015910282511E-8
451.485	1.01857706915451E-8
451.86	1.01417654812553E-8
452.234	1.01273064080465E-8
452.608	1.01054858304871E-8
452.982	1.00921526979488E-8
453.356	1.00597500630566E-8
453.73	1.00402787517254E-8
454.104	1.00270976693676E-8
454.478	1.00049001036668E-8
454.852	9.96297187181888E-9
455.225	9.96479410069476E-9
455.599	9.95179454769433E-9
455.973	9.92088970589633E-9
456.347	9.89197989573204E-9
456.72	9.90869141107052E-9
457.094	9.87500739224742E-9
457.468	9.82455898114342E-9
457.841	9.86508930047159E-9
458.215	9.80894595570948E-9
458.588	9.82096813160369E-9
458.962	9.77902919250303E-9
459.335	9.78727386342975E-9
459.709	9.75646827002902E-9
460.082	9.75052234818055E-9
460.455	9.74282620609132E-9
460.829	9.70625437016123E-9
461.202	9.70204090594908E-9
461.575	9.69119226118342E-9
461.948	9.69656389228064E-9
462.321	9.68656837485998E-9
462.694	9.70050503136158E-9
463.067	9.66390133394079E-9
463.44	9.656984924086E-9
463.813	9.67098466172205E-9
464.186	9.64995150676393E-9
464.559	9.64548052413221E-9
464.932	9.64845640986343E-9
465.305	9.65761030146724E-9
465.678	9.60950710498598E-9
466.05	9.60861705447068E-9
466.423	9.61265982374211E-9
466.796	9.56447700315448E-9
467.168	9.56425659277152E-9
467.541	9.5668179002691E-9
467.914	9.53605314415956E-9
468.286	9.53753718121591E-9
468.659	9.50714652036221E-9
469.031	9.49012895885867E-9
469.403	9.49080176496034E-9
469.776	9.44970982942056E-9
470.148	9.43913869926018E-9
470.52	9.43667903356103E-9
470.893	9.40850826818894E-9
471.265	9.37832923638459E-9
471.637	9.35226633103771E-9
472.009	9.33636889355081E-9
472.381	9.3089611216632E-9
472.753	9.29190302835069E-9
473.125	9.27111281255247E-9
473.497	9.25403796849372E-9
473.869	9.21261418691608E-9
474.241	9.20806321308451E-9
474.613	9.19535434599638E-9
474.985	9.15854004622197E-9
475.357	9.16101054840245E-9
475.729	9.09977342337829E-9
476.1	9.11362087880765E-9
476.472	9.10087685948502E-9
476.844	9.04541238072543E-9
477.215	9.02453094406656E-9
477.587	8.99405193839808E-9
477.958	8.99237272506668E-9
478.33	8.95341994520862E-9
478.701	8.9386962669974E-9
479.073	8.90934629617243E-9
479.444	8.88458672925987E-9
479.815	8.87637562893718E-9
480.187	8.84495164586596E-9
480.558	8.82405581956403E-9
480.929	8.82037979752558E-9
481.3	8.81498778314014E-9
481.671	8.80344524208832E-9
482.043	8.76335786149129E-9
482.414	8.75825261449123E-9
482.785	8.74642205929748E-9
483.156	8.73736787008888E-9
483.527	8.7117349141899E-9
483.898	8.66755182269322E-9
484.268	8.68508647050866E-9
484.639	8.66198028760455E-9
485.01	8.65269923118234E-9
485.381	8.63496187792361E-9
485.752	8.60496666830049E-9
486.122	8.60271232239131E-9
486.493	8.59570429334268E-9
486.864	8.55870295593381E-9
487.234	8.56779828197542E-9
487.605	8.53989658187295E-9
487.975	8.55379107029062E-9
488.346	8.50500099689317E-9
488.716	8.49876545993908E-9
489.086	8.48684094305406E-9
489.457	8.46344666697491E-9
489.827	8.45508035715605E-9
490.197	8.45224031523356E-9
490.568	8.42217430483468E-9
490.938	8.41752715871709E-9
491.308	8.39751958555144E-9
491.678	8.38453851219074E-9
492.048	8.37511387251349E-9
492.418	8.35802630746595E-9
492.788	8.34662470675887E-9
493.158	8.32679335356961E-9
493.528	8.32962705438319E-9
493.898	8.31438963834844E-9
494.268	8.29672665977414E-9
494.638	8.26256737262968E-9
495.007	8.2752928300002E-9
495.377	8.25416146545898E-9
495.747	8.21851067555158E-9
496.116	8.23922856820097E-9
496.486	8.21556015510061E-9
496.856	8.17545268126707E-9
497.225	8.19984688538785E-9
497.595	8.159018291622E-9
497.964	8.15243679498759E-9
498.333	8.15647915453643E-9
498.703	8.11001693352409E-9
499.072	8.09868002924268E-9
499.441	8.11431782360604E-9
499.811	8.08569190606219E-9
500.18	8.07306519676074E-9
500.549	8.05875410563912E-9
500.918	8.0554376919141E-9
501.287	8.04694439990945E-9
501.656	8.03740448202665E-9
502.025	8.04457876677746E-9
502.394	8.02645845578192E-9
502.763	8.01834854619256E-9
503.132	8.01618917693949E-9
503.501	7.99866899992178E-9
503.87	7.99498746608445E-9
504.239	7.96488253779817E-9
504.607	7.97990505313686E-9
504.976	7.9752013655716E-9
505.345	7.96157315981086E-9
505.714	7.9453159161281E-9
506.082	7.9474717023274E-9
506.451	7.92548189736699E-9
506.819	7.93564132431254E-9
507.188	7.90827326155914E-9
507.556	7.90557978051518E-9
507.924	7.9142934161023E-9
508.293	7.89278794670597E-9
508.661	7.87592885429741E-9
509.029	7.89798801675267E-9
509.398	7.86014006855177E-9
509.766	7.85747511484386E-9
510.134	7.85127922589045E-9
510.502	7.84424545813495E-9
510.87	7.82856592444549E-9
511.238	7.82759690788147E-9
511.606	7.81557793806014E-9
511.974	7.8114386075518E-9
512.342	7.81053343462353E-9
512.71	7.80665954280041E-9
513.078	7.80357882962674E-9
513.446	7.79295769012264E-9
513.814	7.75863962380757E-9
514.181	7.78667463579849E-9
514.549	7.78439043961842E-9
514.917	7.76055183422757E-9
515.284	7.77606002159315E-9
515.652	7.7467066508625E-9
516.019	7.76088451541532E-9
516.387	7.73056689573126E-9
516.754	7.7525022058623E-9
517.122	7.73332493649731E-9
517.489	7.71272519912663E-9
517.856	7.7292702801412E-9
518.224	7.70130673778195E-9
518.591	7.69093296857762E-9
518.958	7.68678794676781E-9
519.325	7.68605814578641E-9
519.692	7.69480312976293E-9
520.06	7.6648276087463E-9
520.427	7.67017044761399E-9
520.794	7.66008881054466E-9
521.161	7.64482574642549E-9
521.528	7.61427093703788E-9
521.894	7.62984961173567E-9
522.261	7.62237922280847E-9
522.628	7.61982648145052E-9
522.995	7.60375726924085E-9
523.362	7.58300669200282E-9
523.728	7.59300277355564E-9
524.095	7.58558366319244E-9
524.462	7.55229990473882E-9
524.828	7.57242677673623E-9
525.195	7.53694770595501E-9
525.561	7.55571730720198E-9
525.928	7.52129501624286E-9
526.294	7.5169617036603E-9
526.66	7.52738706348813E-9
527.027	7.50437772388181E-9
527.393	7.49852855850837E-9
527.759	7.50247125781753E-9
528.126	7.48012519792864E-9
528.492	7.47877134246007E-9
528.858	7.45366578813231E-9
529.224	7.45196082975512E-9
529.59	7.44207730459634E-9
529.956	7.42836879091823E-9
530.322	7.43018805117211E-9
530.688	7.42003190279894E-9
531.054	7.40473097377656E-9
531.42	7.3968081182212E-9
531.786	7.36835314570296E-9
532.151	7.38063602418943E-9
532.517	7.37523080347212E-9
532.883	7.34022693507823E-9
533.248	7.35222306887788E-9
533.614	7.33687810830264E-9
533.98	7.30017689915734E-9
534.345	7.32751934517099E-9
534.711	7.29244402423556E-9
535.076	7.30233819827315E-9
535.442	7.27062522253691E-9
535.807	7.26199402672525E-9
536.172	7.2786964494199E-9
536.538	7.25712976654229E-9
536.903	7.22929180503325E-9
537.268	7.22596185484222E-9
537.633	7.22835322301721E-9
537.998	7.21695547587867E-9
538.363	7.230875714426E-9
538.729	7.18889269777589E-9
539.094	7.19429544837651E-9
539.459	7.15871435790202E-9
539.823	7.1781370971085E-9
540.188	7.17020264418707E-9
540.553	7.1599311847034E-9
540.918	7.15622191673028E-9
541.283	7.14293091585431E-9
541.648	7.12358391743231E-9
542.012	7.13598827001777E-9
542.377	7.11469024825364E-9
542.741	7.13074153297629E-9
543.106	7.13143730239931E-9
543.471	7.09996728144203E-9
543.835	7.1022484066507E-9
544.199	7.11743831735544E-9
544.564	7.09768439028713E-9
544.928	7.10861848895554E-9
545.293	7.07908519916319E-9
545.657	7.07786079541962E-9
546.021	7.07563714643769E-9
546.385	7.09945552737208E-9
546.75	7.06544216322778E-9
547.114	7.06513382461262E-9
547.478	7.06284620463028E-9
547.842	7.06325901811607E-9
548.206	7.05986104786239E-9
548.57	7.06696157086888E-9
548.934	7.0629897664728E-9
549.298	7.03702635250046E-9
549.661	7.06141691172308E-9
550.025	7.05878775628787E-9
550.389	7.04932472010652E-9
550.753	7.03531238715063E-9
551.116	7.04961701585924E-9
551.48	7.0582262765854E-9
551.844	7.03944962270603E-9
552.207	7.06264104373232E-9
552.571	7.03962952511319E-9
552.934	7.03710738087633E-9
553.297	7.05703522573193E-9
553.661	7.03702788352198E-9
554.024	7.05171542705642E-9
554.388	7.0384345775078E-9
554.751	7.0376455942703E-9
555.114	7.03760722947303E-9
555.477	7.03824889159336E-9
555.84	7.04168382408397E-9
556.203	7.06358465608461E-9
556.567	7.04889986440779E-9
556.93	7.05059947315022E-9
557.293	7.02757305616606E-9
557.655	7.05581333551599E-9
558.018	7.0499027827489E-9
558.381	7.04668064710783E-9
558.744	7.04902914511176E-9
559.107	7.04753134925191E-9
559.47	7.02816441784722E-9
559.832	7.0480927002009E-9
560.195	7.04616755743442E-9
560.558	7.02828548631056E-9
560.92	7.049523164063E-9
561.283	7.02934810972059E-9
561.645	7.0569627656468E-9
562.008	7.03014501078402E-9
562.37	7.03506735885229E-9
562.732	7.05644866295173E-9
563.095	7.03693966042942E-9
563.457	7.04198094814897E-9
563.819	7.0413200799035E-9
564.181	7.04275017378599E-9
564.543	7.06310097657435E-9
564.906	7.04810466747679E-9
565.268	7.04079827051476E-9
565.63	7.04019479223792E-9
565.992	7.04928938357875E-9
566.354	7.04439161864181E-9
566.716	7.02371744362927E-9
567.077	7.04939524438979E-9
567.439	7.04439112292235E-9
567.801	7.05504921077743E-9
568.163	7.03599227685125E-9
568.524	7.05376624387975E-9
568.886	7.05632292326642E-9
569.248	7.03861542153555E-9
569.609	7.06295490838006E-9
569.971	7.04009520643047E-9
570.332	7.06785308840949E-9
570.694	7.0449276533516E-9
571.055	7.07314146285819E-9
571.417	7.05406357235119E-9
571.778	7.05411844577079E-9
572.139	7.05084154139279E-9
572.5	7.07941962349201E-9
572.862	7.06461462647456E-9
573.223	7.06333945134648E-9
573.584	7.06076914167487E-9
573.945	7.06471713965417E-9
574.306	7.07056108239907E-9
574.667	7.07585022015946E-9
575.028	7.0739557894364E-9
575.389	7.07612601739167E-9
575.75	7.0750769444551E-9
576.111	7.06240925825293E-9
576.471	7.08927860390078E-9
576.832	7.09335541590389E-9
577.193	7.09281182665385E-9
577.554	7.07834385807652E-9
577.914	7.10258499349815E-9
578.275	7.09019082220537E-9
578.635	7.11288582907384E-9
578.996	7.08818968672131E-9
579.356	7.11014875477593E-9
579.717	7.10063369711776E-9
580.077	7.10469951586675E-9
580.437	7.13022406843743E-9
580.798	7.11952008394486E-9
581.158	7.11424600555351E-9
581.518	7.12772407674781E-9
581.878	7.13632097371884E-9
582.238	7.13286231786E-9
582.598	7.14483152443874E-9
582.958	7.14113032028201E-9
583.318	7.14025405643945E-9
583.678	7.14897477350307E-9
584.038	7.15323734428937E-9
584.398	7.1497849137062E-9
584.758	7.15922662657379E-9
585.118	7.14563042930281E-9
585.477	7.16338401990162E-9
585.837	7.17171508549909E-9
586.197	7.15398289254216E-9
586.556	7.17913715830905E-9
586.916	7.18296641543614E-9
587.276	7.16825786747196E-9
587.635	7.17638523162904E-9
587.994	7.20140919410386E-9
588.354	7.18245545975348E-9
588.713	7.21774140367844E-9
589.073	7.20342504200111E-9
589.432	7.20203304450644E-9
589.791	7.20557448891793E-9
590.15	7.21468238797451E-9
590.509	7.22247023395641E-9
590.868	7.24557564315019E-9
591.228	7.22837650201504E-9
591.587	7.22946270882161E-9
591.946	7.22143942729717E-9
592.304	7.25022688860788E-9
592.663	7.25452426966605E-9
593.022	7.25945672584681E-9
593.381	7.26802959214429E-9
593.74	7.28198583927163E-9
594.099	7.26696311334723E-9
594.457	7.29127420685548E-9
594.816	7.27644117147935E-9
595.174	7.30319385282663E-9
595.533	7.30962533639698E-9
595.892	7.29895969691746E-9
596.25	7.31161194405759E-9
596.608	7.33693001750356E-9
596.967	7.32986368028509E-9
597.325	7.33872458382092E-9
597.683	7.38223742398355E-9
598.042	7.36261565524403E-9
598.4	7.3839784175141E-9
598.758	7.40079169522748E-9
599.116	7.40260143156738E-9
599.474	7.41594064433054E-9
599.832	7.42593392374174E-9
600.19	7.43290985575091E-9
600.548	7.44281799176622E-9
600.906	7.45437757424879E-9
601.264	7.45745168964314E-9
601.622	7.46618613813929E-9
601.98	7.44844482772227E-9
602.337	7.48076886620498E-9
602.695	7.48237179223946E-9
603.053	7.47424717587407E-9
603.41	7.50427244794698E-9
603.768	7.50433608239349E-9
604.126	7.49285320977668E-9
604.483	7.51756444175533E-9
604.841	7.49952051431194E-9
605.198	7.50293125902881E-9
605.555	7.52971248070388E-9
605.913	7.51135412936407E-9
606.27	7.51917814288343E-9
606.627	7.52160105184752E-9
606.984	7.52046004033502E-9
607.341	7.54605089124666E-9
607.699	7.52068348666702E-9
608.056	7.52540821960354E-9
608.413	7.53149077172267E-9
608.77	7.53264671118703E-9
609.127	7.51584276502442E-9
609.483	7.53419830688444E-9
609.84	7.53667225675947E-9
610.197	7.53797069675956E-9
610.554	7.53684825182315E-9
610.911	7.51554206921102E-9
611.267	7.53916860924968E-9
611.624	7.52380996846993E-9
611.98	7.54876190451216E-9
612.337	7.5470092813315E-9
612.694	7.52423179011999E-9
613.05	7.52159816990718E-9
613.406	7.54465042497177E-9
613.763	7.5317421257562E-9
614.119	7.5358602589676E-9
614.475	7.55862860978239E-9
614.832	7.54209176328511E-9
615.188	7.53896932547134E-9
615.544	7.54557204107058E-9
615.9	7.55267116377231E-9
616.256	7.55241191829872E-9
616.612	7.55381147587395E-9
616.968	7.56431728948725E-9
617.324	7.56057683170994E-9
617.68	7.56581706116419E-9
618.036	7.57026422261513E-9
618.392	7.54858344799143E-9
618.747	7.57593704326842E-9
619.103	7.58125715906685E-9
619.459	7.56309933135138E-9
619.814	7.58506309622489E-9
620.17	7.59199730548258E-9
620.526	7.57805874606587E-9
620.881	7.60507573381899E-9
621.237	7.59090013032835E-9
621.592	7.60157422240572E-9
621.947	7.62632819351408E-9
622.303	7.61100766739544E-9
622.658	7.62395748361868E-9
623.013	7.62918999046097E-9
623.368	7.66172976010758E-9
623.724	7.64098121098866E-9
624.079	7.65362133625356E-9
624.434	7.66316344730227E-9
624.789	7.67083323208128E-9
625.144	7.67701254413993E-9
625.499	7.69135965006873E-9
625.854	7.70034304506163E-9
626.209	7.69164806769651E-9
626.563	7.72248145770462E-9
626.918	7.73493989956679E-9
627.273	7.74423322280679E-9
627.628	7.73350591738807E-9
627.982	7.76508842369436E-9
628.337	7.74827656453828E-9
628.691	7.78258456899675E-9
629.046	7.7722109610026E-9
629.4	7.80297272279877E-9
629.755	7.79941174602679E-9
630.109	7.80752862638601E-9
630.463	7.84182444509907E-9
630.818	7.82705905611512E-9
631.172	7.84257178496463E-9
631.526	7.85979384106017E-9
631.88	7.86726846416652E-9
632.234	7.88065542929136E-9
632.588	7.89698032598084E-9
632.942	7.90589574835417E-9
633.296	7.92444480717223E-9
633.65	7.93216267209687E-9
634.004	7.94124343183676E-9
634.358	7.96314107765456E-9
634.712	7.97537173780963E-9
635.066	7.97251701949335E-9
635.419	8.00733741586964E-9
635.773	8.01763383356992E-9
636.127	8.01293916023916E-9
636.48	8.0467241401058E-9
636.834	8.04311085744562E-9
637.187	8.0770806436613E-9
637.541	8.06188266836889E-9
637.894	8.10879503686017E-9
638.248	8.09555093932222E-9
638.601	8.11330019318138E-9
638.954	8.12349932261729E-9
639.307	8.15994441953701E-9
639.661	8.15591806352365E-9
640.014	8.17548670579353E-9
640.367	8.18713126893403E-9
640.72	8.20536249952794E-9
641.073	8.21310108208524E-9
641.426	8.23113010616382E-9
641.779	8.25051855959708E-9
642.132	8.26222201775529E-9
642.485	8.25365426687985E-9
642.837	8.29256246645009E-9
643.19	8.31312846814119E-9
643.543	8.30044848021424E-9
643.895	8.34062648505429E-9
644.248	8.36066410847565E-9
644.601	8.35473464174128E-9
644.953	8.38979467588087E-9
645.306	8.38258410940697E-9
645.658	8.40548614302654E-9
646.01	8.44406076446568E-9
646.363	8.43603742909562E-9
646.715	8.45131602337048E-9
647.067	8.49614849267929E-9
647.42	8.486491564595E-9
647.772	8.50310880299993E-9
648.124	8.5166382310385E-9
648.476	8.5366888338176E-9
648.828	8.54863176548306E-9
649.18	8.56798609826592E-9
649.532	8.5869041904714E-9
649.884	8.60747746698079E-9
650.236	8.62143000935801E-9
650.588	8.60921874101937E-9
650.939	8.6577956617243E-9
651.291	8.67013986907952E-9
651.643	8.66846286915211E-9
651.994	8.70991909676757E-9
652.346	8.69164094941809E-9
652.697	8.74262205091644E-9
653.049	8.73555248178656E-9
653.4	8.7789342386346E-9
653.752	8.77570777735618E-9
654.103	8.81669308442669E-9
654.455	8.80936354458123E-9
654.806	8.82605251519793E-9
655.157	8.84026326858115E-9
655.508	8.85698350657975E-9
655.859	8.88089458650704E-9
656.21	8.92229406153995E-9
656.562	8.91524421282563E-9
656.913	8.9341993713896E-9
657.264	8.92996973802389E-9
657.614	8.97459644236465E-9
657.965	8.99401055072379E-9
658.316	9.0140798375772E-9
658.667	9.03459983601874E-9
659.018	9.0287018866679E-9
659.368	9.06860130529837E-9
659.719	9.10064034288431E-9
660.07	9.08416259172179E-9
660.42	9.1272810386116E-9
660.771	9.11989933513967E-9
661.121	9.17088016051583E-9
661.472	9.16820126272634E-9
661.822	9.18743657146934E-9
662.172	9.23114878560197E-9
662.523	9.22566812245981E-9
662.873	9.24964738040161E-9
663.223	9.27195522088703E-9
663.573	9.29305530347617E-9
663.923	9.31650091980242E-9
664.273	9.33263314626105E-9
664.623	9.36749547468536E-9
664.973	9.38186446809613E-9
665.323	9.40167233406913E-9
665.673	9.42059248625407E-9
666.023	9.44222453565694E-9
666.373	9.46090960420445E-9
666.723	9.45587476290418E-9
667.072	9.51368104340311E-9
667.422	9.54085725050849E-9
667.772	9.53983112146878E-9
668.121	9.57636004419654E-9
668.471	9.57812759355915E-9
668.82	9.6232729847475E-9
669.17	9.62112610306514E-9
669.519	9.64960607359168E-9
669.868	9.69992000526965E-9
670.218	9.6959704694178E-9
670.567	9.72915237995233E-9
670.916	9.74897275072404E-9
671.265	9.76951394548936E-9
671.614	9.81960263155996E-9
671.964	9.81917501696239E-9
672.313	9.85309127525987E-9
672.662	9.87797474916839E-9
673.011	9.87795840200577E-9
673.359	9.93153860775677E-9
673.708	9.95739659782533E-9
674.057	9.97831074897342E-9
674.406	1.00054231810783E-8
674.755	9.99466444822758E-9
675.103	1.00595936522628E-8
675.452	1.0063059972369E-8
675.8	1.01174093386652E-8
676.149	1.01177732919908E-8
676.497	1.01710354509535E-8
676.846	1.01746923281602E-8
677.194	1.0227048945721E-8
677.543	1.0217839028772E-8
677.891	1.0253230648935E-8
678.239	1.02835445629076E-8
678.587	1.03400243395687E-8
678.936	1.03437988931668E-8
679.284	1.03761364270708E-8
679.632	1.0402866709084E-8
679.98	1.04239858260051E-8
680.328	1.04561123156234E-8
680.676	1.04814599382688E-8
681.024	1.04946014095659E-8
681.371	1.05486309542698E-8
681.719	1.05911021244036E-8
682.067	1.06280340170463E-8
682.415	1.06202118209999E-8
682.762	1.06861674869096E-8
683.11	1.07105145942049E-8
683.458	1.07102402228043E-8
683.805	1.07741913038608E-8
684.153	1.07852981543133E-8
684.5	1.08209239530619E-8
684.847	1.08890793800478E-8
685.195	1.08905577329612E-8
685.542	1.08987922169889E-8
685.889	1.0940137481679E-8
686.236	1.09871924223642E-8
686.584	1.09954521400386E-8
686.931	1.10370530666324E-8
687.278	1.10713621961995E-8
687.625	1.11231966559212E-8
687.972	1.11591947348621E-8
688.319	1.11879333940303E-8
688.666	1.11777529040553E-8
689.012	1.12359568959618E-8
689.359	1.12714858579497E-8
689.706	1.13034642322087E-8
690.053	1.13109480086328E-8
690.399	1.13889246628702E-8
690.746	1.13941845355765E-8
691.092	1.14792697911332E-8
691.439	1.1477376357238E-8
691.785	1.15467862637694E-8
692.132	1.15344575198111E-8
692.478	1.16030126241705E-8
692.825	1.159991928741E-8
693.171	1.16401132950565E-8
693.517	1.16777777592902E-8
693.863	1.17236328836601E-8
694.209	1.18179422732524E-8
694.556	1.18157790675856E-8
694.902	1.18525115599486E-8
695.248	1.18830705091635E-8
695.594	1.18736392761898E-8
695.939	1.19603114142423E-8
696.285	1.19809852456929E-8
696.631	1.20275470649665E-8
696.977	1.20731079284256E-8
697.323	1.20920569746992E-8
697.668	1.2160853031766E-8
698.014	1.22119260707971E-8
698.36	1.22123891773678E-8
698.705	1.22805142816334E-8
699.051	1.22898005720281E-8
699.396	1.23300110109825E-8
699.741	1.23972939705724E-8
700.087	1.24142454100195E-8
700.432	1.24600866116904E-8
700.777	1.25521824634601E-8
701.123	1.2564075604886E-8
701.468	1.26077740131652E-8
701.813	1.26538959026841E-8
702.158	1.2695277401717E-8
702.503	1.2751996350385E-8
702.848	1.27813722018033E-8
703.193	1.2823950059683E-8
703.538	1.28899562952091E-8
703.883	1.29643641111405E-8
704.228	1.29777830698572E-8
704.572	1.30501996108227E-8
704.917	1.30945871965723E-8
705.262	1.31110237746112E-8
705.606	1.31876466066183E-8
705.951	1.3222372765171E-8
706.295	1.33081410103511E-8
706.64	1.33294233312645E-8
706.984	1.34151386033263E-8
707.329	1.34351076027489E-8
707.673	1.34880497550189E-8
708.017	1.35853044065264E-8
708.362	1.35954157889207E-8
708.706	1.3648101368797E-8
709.05	1.36766375196322E-8
709.394	1.3743683112035E-8
709.738	1.38161687799881E-8
710.082	1.38766849713879E-8
710.426	1.39232058198566E-8
710.77	1.39729418750879E-8
711.114	1.4015411701939E-8
711.458	1.40561349424773E-8
711.801	1.41447784515007E-8
712.145	1.42003390670902E-8
712.489	1.42053688412725E-8
712.832	1.43151437274355E-8
713.176	1.43833358043274E-8
713.52	1.44136939662388E-8
713.863	1.44639968000464E-8
714.206	1.45613925463127E-8
714.55	1.46008887711448E-8
714.893	1.46963451894883E-8
715.237	1.47057360399463E-8
715.58	1.47646320283133E-8
715.923	1.48263076243341E-8
716.266	1.48756908559517E-8
716.609	1.49647133649486E-8
716.952	1.50172971854342E-8
717.295	1.50902630405137E-8
717.638	1.51405203757923E-8
717.981	1.52047674557607E-8
718.324	1.52553241454781E-8
718.667	1.53237384609663E-8
719.01	1.5352917926313E-8
719.352	1.54599192335891E-8
719.695	1.55209890462979E-8
720.038	1.55529205883981E-8
720.38	1.56915868213367E-8
720.723	1.57224019999013E-8
721.065	1.58306820145458E-8
721.408	1.58503681305716E-8
721.75	1.595263223062E-8
722.093	1.59777899480006E-8
722.435	1.60214410162575E-8
722.777	1.60944407128561E-8
723.119	1.62239478857475E-8
723.462	1.62454473825372E-8
723.804	1.63071218475705E-8
724.146	1.63751035206514E-8
724.488	1.64636547980571E-8
724.83	1.65359855232129E-8
725.172	1.66278039341512E-8
725.514	1.66917673830005E-8
725.856	1.67228434104104E-8
726.197	1.68483392112208E-8
726.539	1.68969898975378E-8
726.881	1.69297779116023E-8
727.222	1.70714235828162E-8
727.564	1.71666948650242E-8
727.906	1.71952190137756E-8
728.247	1.73192363720348E-8
728.589	1.73309014788968E-8
728.93	1.74262280697898E-8
729.271	1.75601387853135E-8
729.613	1.7570900676887E-8
729.954	1.76683993630439E-8
730.295	1.77505129561163E-8
730.636	1.78331479049211E-8
730.977	1.79863666643228E-8
731.319	1.80613737545156E-8
731.66	1.81599732528138E-8
732.001	1.81874109463591E-8
732.341	1.8299799915286E-8
732.682	1.83756188706897E-8
733.023	1.84503244430143E-8
733.364	1.85284920472581E-8
733.705	1.85879710441027E-8
734.045	1.87378401299688E-8
734.386	1.8837051706899E-8
734.727	1.88816010865E-8
735.067	1.90227655370308E-8
735.408	1.90730436279189E-8
735.748	1.92045980487287E-8
736.089	1.92367100990091E-8
736.429	1.93138270944983E-8
736.769	1.94729301846042E-8
737.11	1.95036183540144E-8
737.45	1.96170773092088E-8
737.79	1.97127551222903E-8
738.13	1.9843137083645E-8
738.47	1.99529830991441E-8
738.81	2.00727380950981E-8
739.15	2.01695817708673E-8
739.49	2.027000711766E-8
739.83	2.0405533063255E-8
740.17	2.04585449295726E-8
740.51	2.04963350202059E-8
740.849	2.06645429075925E-8
741.189	2.07787255837165E-8
741.529	2.08360899544769E-8
741.868	2.10190918015855E-8
742.208	2.1075278435265E-8
742.547	2.12603031079578E-8
742.887	2.13482411903221E-8
743.226	2.15011419607047E-8
743.566	2.15401145800525E-8
743.905	2.16509619672644E-8
744.244	2.17317782946937E-8
744.583	2.19494414047045E-8
744.923	2.19790475968393E-8
745.262	2.20810345002333E-8
745.601	2.22317161484617E-8
745.94	2.23738648648197E-8
746.279	2.25425815586333E-8
746.618	2.26681585058907E-8
746.957	2.27413911360672E-8
747.295	2.29818660732846E-8
747.634	2.30729941163012E-8
747.973	2.32007643398546E-8
748.312	2.32608268225066E-8
748.65	2.34400410028326E-8
748.989	2.34668860438317E-8
749.327	2.36596429641854E-8
749.666	2.37487184664179E-8
750.004	2.39746185550603E-8
750.343	2.40377410650362E-8
750.681	2.41910303567243E-8
751.019	2.43523675272813E-8
751.357	2.4604071303463E-8
751.696	2.46913331500524E-8
752.034	2.48271936603831E-8
752.372	2.49186701070151E-8
752.71	2.50514853207739E-8
753.048	2.51957418763029E-8
753.386	2.53559129281962E-8
753.724	2.54977891074952E-8
754.062	2.56672023737143E-8
754.4	2.57847371213512E-8
754.737	2.60399547452258E-8
755.075	2.62026756370086E-8
755.413	2.62547262161297E-8
755.75	2.64670769397591E-8
756.088	2.6514035474082E-8
756.425	2.67745163034059E-8
756.763	2.68566389408592E-8
757.1	2.70891710086402E-8
757.438	2.72061309048346E-8
757.775	2.74075872793368E-8
758.112	2.76127783495307E-8
758.449	2.78170606202817E-8
758.787	2.78817064297692E-8
759.124	2.81291754385594E-8
759.461	2.82134508315124E-8
759.798	2.81790347583313E-8
760.135	2.82657531960967E-8
760.472	2.86158732422209E-8
760.809	2.93129698646494E-8
761.146	3.00246619969102E-8
761.482	3.113233577754E-8
761.819	3.2231836762488E-8
762.156	3.33903268392028E-8
762.492	3.49207850972317E-8
762.829	3.655044531229E-8
763.166	3.81476632434274E-8
763.502	4.00647129150322E-8
763.838	4.22122615850516E-8
764.175	4.4228086363409E-8
764.511	4.65581970917134E-8
764.848	4.88268667864276E-8
765.184	5.155321410204E-8
765.52	5.44767441528502E-8
765.856	5.78712293294934E-8
766.192	6.16373743574951E-8
766.528	6.58119476374961E-8
766.864	7.03987966767285E-8
767.2	7.51129653553933E-8
767.536	8.04644391279336E-8
767.872	8.6681379744251E-8