397.069	0
397.451	0
397.833	0
398.215	0
398.597	6.53264214904179E-9
398.978	6.48008524094749E-9
399.36	6.43325338165068E-9
399.742	6.34636753517735E-9
400.123	6.28936689780943E-9
400.505	6.22194437083577E-9
400.886	6.19803827467272E-9
401.268	6.102055817541E-9
401.649	6.09374691963117E-9
402.031	6.04579798411525E-9
402.412	5.98508829645365E-9
402.793	5.9176133902683E-9
403.175	5.86851220986389E-9
403.556	5.82176766864885E-9
403.937	5.7688714700825E-9
404.318	5.73474701166401E-9
404.699	5.66826691258926E-9
405.081	5.62013733618735E-9
405.462	5.59485871135326E-9
405.843	5.5350634417139E-9
406.223	5.46429364741277E-9
406.604	5.45335775244636E-9
406.985	5.40413137577919E-9
407.366	5.34217899916711E-9
407.747	5.33612767731274E-9
408.128	5.28952413199421E-9
408.508	5.22936062686989E-9
408.889	5.18443376856189E-9
409.27	5.15094224428773E-9
409.65	5.10462897646284E-9
410.031	5.05596642443594E-9
410.411	5.015969701389E-9
410.792	4.98770722327539E-9
411.172	4.95094355504582E-9
411.553	4.91101241939871E-9
411.933	4.86671523009619E-9
412.313	4.83277759791897E-9
412.693	4.78701786785894E-9
413.074	4.76900522751075E-9
413.454	4.70396263843233E-9
413.834	4.68936053456742E-9
414.214	4.65535005965997E-9
414.594	4.61086514783225E-9
414.974	4.55707195247983E-9
415.354	4.54561587022202E-9
415.734	4.48734020275106E-9
416.114	4.46471306270857E-9
416.494	4.42831206695329E-9
416.873	4.39815281351763E-9
417.253	4.36215777837625E-9
417.633	4.35894790635951E-9
418.013	4.304266285856E-9
418.392	4.27449293386072E-9
418.772	4.26116709742205E-9
419.151	4.20098857948715E-9
419.531	4.17630416269454E-9
419.91	4.14955460345811E-9
420.29	4.14177015451106E-9
420.669	4.12169420124949E-9
421.048	4.09133195402857E-9
421.428	4.06474358548552E-9
421.807	4.04506861993361E-9
422.186	4.02983656568018E-9
422.565	4.00973625204315E-9
422.944	3.97725794726156E-9
423.324	3.9665894943928E-9
423.703	3.94593181422664E-9
424.082	3.93860227404379E-9
424.461	3.91128753510222E-9
424.839	3.88445535177228E-9
425.218	3.87255186618667E-9
425.597	3.84913019108739E-9
425.976	3.81984942487367E-9
426.355	3.82637149623301E-9
426.733	3.77956632573415E-9
427.112	3.77905667477721E-9
427.491	3.75039371888904E-9
427.869	3.74639853863718E-9
428.248	3.72909674002426E-9
428.626	3.70118464395096E-9
429.005	3.67993492979385E-9
429.383	3.66010513162988E-9
429.762	3.63984912675736E-9
430.14	3.62726250036713E-9
430.518	3.61596389213773E-9
430.897	3.58701702653446E-9
431.275	3.58023558458451E-9
431.653	3.55657778024515E-9
432.031	3.55053014360105E-9
432.409	3.5254216846004E-9
432.787	3.51199790586768E-9
433.165	3.49880742088353E-9
433.543	3.47161317868789E-9
433.921	3.46488126005485E-9
434.299	3.43624670629832E-9
434.677	3.43273422751021E-9
435.055	3.4195689641461E-9
435.432	3.3887061586895E-9
435.81	3.38403975875292E-9
436.188	3.37078843339351E-9
436.565	3.34502320728631E-9
436.943	3.33993453353128E-9
437.32	3.3206260510954E-9
437.698	3.31042452939426E-9
438.075	3.2921270102303E-9
438.453	3.28413884691384E-9
438.83	3.26555721836343E-9
439.207	3.24742880805282E-9
439.585	3.235676697633E-9
439.962	3.22968388633244E-9
440.339	3.2055437657669E-9
440.716	3.20449236437039E-9
441.093	3.1943650957404E-9
441.47	3.18746549676722E-9
441.848	3.17628163387543E-9
442.225	3.16903144015333E-9
442.601	3.16027312070356E-9
442.978	3.14839763937197E-9
443.355	3.14209146982376E-9
443.732	3.13300626441867E-9
444.109	3.11527744058484E-9
444.486	3.11131339861485E-9
444.862	3.09132964574922E-9
445.239	3.09681535089623E-9
445.616	3.08364797177537E-9
445.992	3.07339937211034E-9
446.369	3.05766713373084E-9
446.745	3.05534948224564E-9
447.122	3.04017462944045E-9
447.498	3.03840413912722E-9
447.874	3.02751851805851E-9
448.251	3.0210019902825E-9
448.627	3.00735747584421E-9
449.003	2.99772660135819E-9
449.379	2.99812972550393E-9
449.755	2.98990415139452E-9
450.132	2.97683794361339E-9
450.508	2.97548345446008E-9
450.884	2.97123126266859E-9
451.26	2.95750755960613E-9
451.635	2.95377474184421E-9
452.011	2.94734865519006E-9
452.387	2.94346053900228E-9
452.763	2.93409174449611E-9
453.139	2.92815207081817E-9
453.515	2.92440914901426E-9
453.89	2.91811357409186E-9
454.266	2.90567030847825E-9
454.641	2.9060489563645E-9
455.017	2.90231769525552E-9
455.392	2.89353417976452E-9
455.768	2.88497137665795E-9
456.143	2.88995846368615E-9
456.519	2.88007958046868E-9
456.894	2.86533075343904E-9
457.269	2.87711566863702E-9
457.645	2.86074335992788E-9
458.02	2.86434016713263E-9
458.395	2.85226803284134E-9
458.77	2.85446194555062E-9
459.145	2.84565222447835E-9
459.52	2.84400426149665E-9
459.895	2.84194682522826E-9
460.27	2.83105687186347E-9
460.645	2.82974344304185E-9
461.02	2.82691278234601E-9
461.395	2.82799698282628E-9
461.77	2.82508298071392E-9
462.144	2.82918115246665E-9
462.519	2.81853921402851E-9
462.894	2.81663505475785E-9
463.268	2.82083033814941E-9
463.643	2.81463099011441E-9
464.017	2.8131848861061E-9
464.392	2.81392802446039E-9
464.766	2.81684823550034E-9
465.141	2.80286373449955E-9
465.515	2.8026186241125E-9
465.889	2.80396435884503E-9
466.264	2.78953268353131E-9
466.638	2.78967743156675E-9
467.012	2.79049793536354E-9
467.386	2.78131805662585E-9
467.76	2.78164936410702E-9
468.134	2.77270019667344E-9
468.508	2.76808135903571E-9
468.882	2.76806411391689E-9
469.256	2.75598192651681E-9
469.63	2.75310852673282E-9
470.004	2.75234956076007E-9
470.378	2.74413321748737E-9
470.751	2.73518265742446E-9
471.125	2.72766287095184E-9
471.499	2.72311951199082E-9
471.872	2.71508615831605E-9
472.246	2.7100592011717E-9
472.62	2.70406042812217E-9
472.993	2.69902941468948E-9
473.367	2.68693582132072E-9
473.74	2.68555895937468E-9
474.113	2.6819151474497E-9
474.487	2.67121515881907E-9
474.86	2.67197237041476E-9
475.233	2.65408739425355E-9
475.606	2.65812629575823E-9
475.979	2.65431465725602E-9
476.353	2.63827912851548E-9
476.726	2.63199227792438E-9
477.099	2.62310401068586E-9
477.472	2.62271754946845E-9
477.845	2.61137937664042E-9
478.217	2.60708534200323E-9
478.59	2.5986682640807E-9
478.963	2.59121692611605E-9
479.336	2.58875840468655E-9
479.709	2.57982995493842E-9
480.081	2.57371366076784E-9
480.454	2.57259919535824E-9
480.827	2.57102659902867E-9
481.199	2.56755665709001E-9
481.572	2.55599881293817E-9
481.944	2.55441817326097E-9
482.316	2.55102867242361E-9
482.689	2.54840797492243E-9
483.061	2.54079293099362E-9
483.433	2.52796649690972E-9
483.806	2.53293484779339E-9
484.178	2.52641959882367E-9
484.55	2.52363594119406E-9
484.922	2.51846315851113E-9
485.294	2.50988446385222E-9
485.666	2.50898356677836E-9
486.038	2.50707949202746E-9
486.41	2.49624159930851E-9
486.782	2.49899497497179E-9
487.154	2.49063952449548E-9
487.526	2.49470177518984E-9
487.897	2.48056222196824E-9
488.269	2.47879688138662E-9
488.641	2.47526656583104E-9
489.013	2.46844369914777E-9
489.384	2.46612455595293E-9
489.756	2.46530428374667E-9
490.127	2.4564666585383E-9
490.499	2.45513651269466E-9
490.87	2.44920061697469E-9
491.241	2.44549785195626E-9
491.613	2.4427242745655E-9
491.984	2.43774054909312E-9
492.355	2.43440710969998E-9
492.726	2.42859913180744E-9
493.098	2.42953768969884E-9
493.469	2.42493439990513E-9
493.84	2.41970494766418E-9
494.211	2.40985245995128E-9
494.582	2.4134945592877E-9
494.953	2.40742460896507E-9
495.324	2.39698887176366E-9
495.694	2.40303174125545E-9
496.065	2.39622681789025E-9
496.436	2.38452855891418E-9
496.807	2.39151745324712E-9
497.177	2.37975692076933E-9
497.548	2.37772774482453E-9
497.919	2.3788854232878E-9
498.289	2.36543519523639E-9
498.66	2.36199355740389E-9
499.03	2.36685945967771E-9
499.401	2.35831206040629E-9
499.771	2.35464331860645E-9
500.141	2.35045542207713E-9
500.512	2.34942629641719E-9
500.882	2.3470316009503E-9
501.252	2.34428302155395E-9
501.622	2.34626710497669E-9
501.992	2.34106313000633E-9
502.362	2.33863100123544E-9
502.732	2.33797492237489E-9
503.102	2.33288529518331E-9
503.472	2.33193609329846E-9
503.842	2.32306417129754E-9
504.212	2.32741353140475E-9
504.582	2.32609333234581E-9
504.952	2.32207387518654E-9
505.321	2.31731345597535E-9
505.691	2.31798046242359E-9
506.061	2.31166704881595E-9
506.43	2.3145676562925E-9
506.8	2.30644326791173E-9
507.169	2.30576891309537E-9
507.539	2.30833496818383E-9
507.908	2.30211113056054E-9
508.277	2.29710315780185E-9
508.647	2.30354916276548E-9
509.016	2.29239748832376E-9
509.385	2.29184587839057E-9
509.754	2.28988520347874E-9
510.124	2.2878867804416E-9
510.493	2.28324986077113E-9
510.862	2.28300226737565E-9
511.231	2.27957169625613E-9
511.6	2.27826143487554E-9
511.969	2.27798067648185E-9
512.337	2.27698708265504E-9
512.706	2.27591369986561E-9
513.075	2.27286149423933E-9
513.444	2.26302465280065E-9
513.813	2.27117386384573E-9
514.181	2.27043562146303E-9
514.55	2.26344442606017E-9
514.918	2.26801149470851E-9
515.287	2.2594230578027E-9
515.655	2.26356376523246E-9
516.024	2.25466782851213E-9
516.392	2.26117269205727E-9
516.761	2.2555472567198E-9
517.129	2.24947581630235E-9
517.497	2.25441204102868E-9
517.865	2.24627652862202E-9
518.234	2.24314680963096E-9
518.602	2.24192257360996E-9
518.97	2.24172021028761E-9
519.338	2.24432730045489E-9
519.706	2.23554885358531E-9
520.074	2.23713254118349E-9
520.442	2.23415686575529E-9
520.809	2.22969542758365E-9
521.177	2.22075433145527E-9
521.545	2.22541673146318E-9
521.913	2.2231394580706E-9
522.28	2.22248800409346E-9
522.648	2.21783480249819E-9
523.016	2.21166642809406E-9
523.383	2.21460612012979E-9
523.751	2.21245664816229E-9
524.118	2.20275366582329E-9
524.486	2.20865708896585E-9
524.853	2.19824319574291E-9
525.22	2.20373172571582E-9
525.588	2.19374295751164E-9
525.955	2.19240528587627E-9
526.322	2.19547368014156E-9
526.689	2.18879914310781E-9
527.056	2.18711566166037E-9
527.423	2.18817529342712E-9
527.79	2.18173404641818E-9
528.157	2.18131231761021E-9
528.524	2.17406918438438E-9
528.891	2.1734574018557E-9
529.258	2.17052254796658E-9
529.625	2.16655082529449E-9
529.992	2.16708593763186E-9
530.358	2.1641927048828E-9
530.725	2.15970851739767E-9
531.092	2.15744427789729E-9
531.458	2.14911097574281E-9
531.825	2.15261394750004E-9
532.191	2.15103778143761E-9
532.558	2.14085789789799E-9
532.924	2.14437743887569E-9
533.29	2.13995091804605E-9
533.657	2.12919768930201E-9
534.023	2.13718466030402E-9
534.389	2.12689048597081E-9
534.755	2.12984425902561E-9
535.121	2.12056705718285E-9
535.487	2.11812043617664E-9
535.853	2.12291356420774E-9
536.219	2.11663910872573E-9
536.585	2.10856230321099E-9
536.951	2.10756799197062E-9
537.317	2.10822344354009E-9
537.683	2.10493357553844E-9
538.049	2.10899367127029E-9
538.414	2.09675251031719E-9
538.78	2.09836942346779E-9
539.146	2.08792471172436E-9
539.511	2.09359339264341E-9
539.877	2.09129771359383E-9
540.242	2.08828002908131E-9
540.608	2.08722739237944E-9
540.973	2.08332560068892E-9
541.339	2.07766854027598E-9
541.704	2.08130806899872E-9
542.069	2.07509272864407E-9
542.434	2.07976017927269E-9
542.8	2.08005886672764E-9
543.165	2.07079536536175E-9
543.53	2.07145726508481E-9
543.895	2.0758632457166E-9
544.26	2.07015759977478E-9
544.625	2.07332592800671E-9
544.99	2.06471223522773E-9
545.355	2.06435176790852E-9
545.719	2.06375784563606E-9
546.084	2.07066395033759E-9
546.449	2.06073673345542E-9
546.814	2.06064348810013E-9
547.178	2.05999647414154E-9
547.543	2.06010349700171E-9
547.907	2.05910914517041E-9
548.272	2.06121010679303E-9
548.636	2.06001846130333E-9
549.001	2.05242292612603E-9
549.365	2.05955984277321E-9
549.73	2.0587930811009E-9
550.094	2.05605597948036E-9
550.458	2.05194954842398E-9
550.822	2.05613148831242E-9
551.186	2.05860689348356E-9
551.55	2.05315960052786E-9
551.915	2.0598850792533E-9
552.279	2.05323456099798E-9
552.643	2.0524606361988E-9
553.006	2.05830481006029E-9
553.37	2.05241544910714E-9
553.734	2.05673103567041E-9
554.098	2.05285438322736E-9
554.462	2.05257409704986E-9
554.825	2.05261634606229E-9
555.189	2.05277545986476E-9
555.553	2.05382413718922E-9
555.916	2.06021811242498E-9
556.28	2.05598156102536E-9
556.643	2.05642144220988E-9
557.007	2.0496869850634E-9
557.37	2.05793292557325E-9
557.733	2.05619374186158E-9
558.097	2.05529987635503E-9
558.46	2.05595738728884E-9
558.823	2.05549626638927E-9
559.186	2.04994440365983E-9
559.549	2.0557326583727E-9
559.912	2.05511083955458E-9
560.275	2.04986541463941E-9
560.638	2.05608367375384E-9
561.001	2.05023218808166E-9
561.364	2.05823874195626E-9
561.727	2.05045274478745E-9
562.09	2.05186774761988E-9
562.452	2.05812464983413E-9
562.815	2.05246396520004E-9
563.178	2.05389907075538E-9
563.54	2.05370049907336E-9
563.903	2.05411181268267E-9
564.266	2.06008250964239E-9
564.628	2.0557288956657E-9
564.99	2.05358034352874E-9
565.353	2.05340428676726E-9
565.715	2.05605398794867E-9
566.077	2.05456797040507E-9
566.44	2.04854398648695E-9
566.802	2.05606188307587E-9
567.164	2.05460809462182E-9
567.526	2.05773380060487E-9
567.888	2.05215846179927E-9
568.25	2.05733403902409E-9
568.612	2.05812217778621E-9
568.974	2.05294328346401E-9
569.336	2.05999442570476E-9
569.698	2.0533580226748E-9
570.06	2.06150176708639E-9
570.421	2.05479816742094E-9
570.783	2.06299372362679E-9
571.145	2.05746273368963E-9
571.506	2.05744539026952E-9
571.868	2.05651727702149E-9
572.229	2.06480828418091E-9
572.591	2.0605316369862E-9
572.952	2.06011564157773E-9
573.314	2.05940443317897E-9
573.675	2.06055591231664E-9
574.036	2.06225764787957E-9
574.397	2.06375113165485E-9
574.759	2.06323955602909E-9
575.12	2.06378013948592E-9
575.481	2.0635855145714E-9
575.842	2.05986639680364E-9
576.203	2.06768975281726E-9
576.564	2.06887614574552E-9
576.925	2.06873651332959E-9
577.286	2.06451400638413E-9
577.646	2.07155476884424E-9
578.007	2.06794794667818E-9
578.368	2.07464774413091E-9
578.729	2.06739105561608E-9
579.089	2.07376646556066E-9
579.45	2.07102055463481E-9
579.81	2.07218251978043E-9
580.171	2.07964576075776E-9
580.531	2.07654764578907E-9
580.892	2.07500664648204E-9
581.252	2.07890603294801E-9
581.612	2.081421396921E-9
581.973	2.0804152771426E-9
582.333	2.08393003133028E-9
582.693	2.08281364514892E-9
583.053	2.08255811246468E-9
583.413	2.08508855285804E-9
583.773	2.08635539585207E-9
584.133	2.08536671344E-9
584.493	2.08809185386136E-9
584.853	2.08413934916178E-9
585.213	2.08932527660742E-9
585.573	2.09169541124503E-9
585.933	2.08658325752854E-9
586.292	2.09392251800484E-9
586.652	2.0950419614911E-9
587.012	2.09068233912291E-9
587.371	2.0931069473938E-9
587.731	2.1003771970829E-9
588.09	2.09490313691102E-9
588.45	2.10517947945225E-9
588.809	2.10098585635323E-9
589.169	2.1005773295888E-9
589.528	2.1016153942095E-9
589.887	2.1042693025244E-9
590.246	2.10657148462005E-9
590.605	2.11326187864645E-9
590.965	2.10824049295856E-9
591.324	2.10857775343494E-9
591.683	2.10623765761491E-9
592.042	2.11467729977776E-9
592.401	2.11590265732867E-9
592.759	2.1173260263824E-9
593.118	2.11985951876779E-9
593.477	2.12390463799487E-9
593.836	2.11954334701457E-9
594.195	2.12664427223429E-9
594.553	2.12230268846707E-9
594.912	2.13005986853831E-9
595.27	2.13202455649902E-9
595.629	2.12886805469124E-9
595.987	2.13253042090286E-9
596.346	2.13990466101132E-9
596.704	2.13782087558622E-9
597.062	2.14042304775288E-9
597.421	2.15316509142448E-9
597.779	2.14740644606621E-9
598.137	2.1536397196336E-9
598.495	2.15854865594051E-9
598.853	2.15906376849965E-9
599.212	2.16297221483017E-9
599.57	2.16589202774238E-9
599.927	2.16792667649353E-9
600.285	2.1708523280778E-9
600.643	2.17419576133355E-9
601.001	2.17507194016932E-9
601.359	2.17759649397494E-9
601.717	2.17249080503462E-9
602.074	2.18188300395913E-9
602.432	2.18239896618322E-9
602.789	2.17998087077908E-9
603.147	2.18873311296894E-9
603.504	2.18875679513138E-9
603.862	2.18540002122733E-9
604.219	2.19263797668247E-9
604.577	2.18738270440737E-9
604.934	2.18838760075533E-9
605.291	2.19618871502414E-9
605.648	2.19077348325405E-9
606.006	2.19308074489279E-9
606.363	2.19382275038822E-9
606.72	2.19345719802366E-9
607.077	2.20094637940973E-9
607.434	2.19348483974214E-9
607.791	2.19492549719514E-9
608.148	2.19672458292293E-9
608.504	2.19702420470662E-9
608.861	2.19209319499627E-9
609.218	2.19743197159843E-9
609.575	2.19819085883913E-9
609.931	2.19859685418605E-9
610.288	2.19822489775982E-9
610.645	2.19201808955406E-9
611.001	2.19893132545978E-9
611.358	2.19444432849036E-9
611.714	2.20172935832955E-9
612.07	2.20121570396275E-9
612.427	2.19451853246044E-9
612.783	2.19379678799422E-9
613.139	2.20053011029931E-9
613.495	2.19675301429513E-9
613.851	2.19799057635968E-9
614.208	2.20459733618095E-9
614.564	2.19974502290058E-9
614.92	2.1988658116521E-9
615.276	2.20079160377054E-9
615.631	2.2028694264877E-9
615.987	2.2027841584927E-9
616.343	2.20318274308868E-9
616.699	2.20624933722638E-9
617.055	2.20521601643873E-9
617.41	2.20668920547382E-9
617.766	2.20800068339587E-9
618.121	2.201681860851E-9
618.477	2.20964328280755E-9
618.832	2.21121888421138E-9
619.188	2.2058989730034E-9
619.543	2.21234557261683E-9
619.899	2.2143394562286E-9
620.254	2.21024789215441E-9
620.609	2.21818494987882E-9
620.964	2.21401704916814E-9
621.319	2.21709706196637E-9
621.675	2.2243359634746E-9
622.03	2.21986988038288E-9
622.385	2.22366828652021E-9
622.74	2.22518492633854E-9
623.095	2.23464948666188E-9
623.449	2.22860267097279E-9
623.804	2.23228222212179E-9
624.159	2.23506532438436E-9
624.514	2.23731423231601E-9
624.868	2.23915219256024E-9
625.223	2.24331537457523E-9
625.578	2.24590694332766E-9
625.932	2.24338759824147E-9
626.287	2.25235676847754E-9
626.641	2.25599999664601E-9
626.995	2.25875836513103E-9
627.35	2.25558894511021E-9
627.704	2.26481721738972E-9
628.058	2.25989943688259E-9
628.413	2.26991546569523E-9
628.767	2.26687548192384E-9
629.121	2.27590281219642E-9
629.475	2.27479937916487E-9
629.829	2.2772076148062E-9
630.183	2.28718167911056E-9
630.537	2.28287034713014E-9
630.891	2.28741412048586E-9
631.245	2.29242755224081E-9
631.598	2.29461731171861E-9
631.952	2.29850006646997E-9
632.306	2.30324446566802E-9
632.659	2.30589086894084E-9
633.013	2.31130588969701E-9
633.366	2.31354233674661E-9
633.72	2.31620062577137E-9
634.073	2.32256302539776E-9
634.427	2.32614739944148E-9
634.78	2.32526094271033E-9
635.133	2.33547562413876E-9
635.487	2.33850087636226E-9
635.84	2.33708488425767E-9
636.193	2.34693381667322E-9
636.546	2.34591449063756E-9
636.899	2.35580750780413E-9
637.252	2.35138713918404E-9
637.605	2.3650301392321E-9
637.958	2.36120210905876E-9
638.311	2.36636404087259E-9
638.664	2.3693537200252E-9
639.017	2.37995352046607E-9
639.369	2.37880418153281E-9
639.722	2.38453928903001E-9
640.075	2.38792559579026E-9
640.427	2.39321788323572E-9
640.78	2.39544977766137E-9
641.132	2.40073087399194E-9
641.485	2.40637059506708E-9
641.837	2.40979674992327E-9
642.19	2.40733584240855E-9
642.542	2.41867398110379E-9
642.894	2.42466987629693E-9
643.246	2.42098172796917E-9
643.598	2.43268503057174E-9
643.951	2.43853705399021E-9
644.303	2.43680248501199E-9
644.655	2.44702318924664E-9
645.007	2.44492010751378E-9
645.359	2.45160504027592E-9
645.71	2.46281181333754E-9
646.062	2.46051844784895E-9
646.414	2.46492008061479E-9
646.766	2.47804304860212E-9
647.117	2.47516369470521E-9
647.469	2.48004693461672E-9
647.821	2.48401922161903E-9
648.172	2.48981730135917E-9
648.524	2.49335857362125E-9
648.875	2.49899832372904E-9
649.227	2.50453200652276E-9
649.578	2.51054057696058E-9
649.929	2.51458082421197E-9
650.28	2.51100857760015E-9
650.632	2.52517675438635E-9
650.983	2.5287905272396E-9
651.334	2.52830140204473E-9
651.685	2.54038471599019E-9
652.036	2.53507779541497E-9
652.387	2.54986892050308E-9
652.738	2.54786920334939E-9
653.089	2.56052765382906E-9
653.44	2.55958660507296E-9
653.79	2.5715434123642E-9
654.141	2.56935096632216E-9
654.492	2.57428695478645E-9
654.842	2.57841258899648E-9
655.193	2.58330582602588E-9
655.543	2.59026616440939E-9
655.894	2.6023299445845E-9
656.244	2.6002792848664E-9
656.595	2.60583288682828E-9
656.945	2.60455198724818E-9
657.295	2.61753443856939E-9
657.646	2.6232612066353E-9
657.996	2.62911477192282E-9
658.346	2.63510543474004E-9
658.696	2.63337955998323E-9
659.046	2.6449999355089E-9
659.396	2.65439016424617E-9
659.746	2.64955566040126E-9
660.096	2.66214048061728E-9
660.446	2.65996750004828E-9
660.796	2.67485412563942E-9
661.145	2.67403541253166E-9
661.495	2.67971195388478E-9
661.845	2.69239782429024E-9
662.194	2.69081668156773E-9
662.544	2.69785133615557E-9
662.894	2.70436082977528E-9
663.243	2.71046539149739E-9
663.592	2.71728017143274E-9
663.942	2.72201182220208E-9
664.291	2.73220660237469E-9
664.64	2.73637091166575E-9
664.99	2.74215116140576E-9
665.339	2.747684428717E-9
665.688	2.7539250745843E-9
666.037	2.75945563542205E-9
666.386	2.75796317284863E-9
666.735	2.77481427536197E-9
667.084	2.78275276087026E-9
667.433	2.78244740401177E-9
667.782	2.7931016622427E-9
668.131	2.7936141405011E-9
668.479	2.80676311436393E-9
668.828	2.80618295899689E-9
669.177	2.81442188693862E-9
669.525	2.82913682160677E-9
669.874	2.82796625102182E-9
670.222	2.83768161144156E-9
670.571	2.84345007284647E-9
670.919	2.84943811750654E-9
671.267	2.86407253557421E-9
671.616	2.86391941317494E-9
671.964	2.87381479512933E-9
672.312	2.88103421667481E-9
672.66	2.8810900311658E-9
673.009	2.89665025590642E-9
673.357	2.90423067923932E-9
673.705	2.91031768093059E-9
674.053	2.9182416116581E-9
674.4	2.9150517607023E-9
674.748	2.93406744983334E-9
675.096	2.93502604908913E-9
675.444	2.95096021841728E-9
675.792	2.95098053373483E-9
676.139	2.96660819452475E-9
676.487	2.96758827719464E-9
676.835	2.98288894067865E-9
677.182	2.98016251240414E-9
677.53	2.99050505762921E-9
677.877	2.99938374406443E-9
678.224	3.01577197017104E-9
678.572	3.01691710832545E-9
678.919	3.02635220234657E-9
679.266	3.03418976839263E-9
679.613	3.04028053203781E-9
679.961	3.04971988631477E-9
680.308	3.05706777590041E-9
680.655	3.06096698466087E-9
681.002	3.07669773458458E-9
681.349	3.0890498731348E-9
681.696	3.09986068597755E-9
682.042	3.09753296754318E-9
682.389	3.11677697514673E-9
682.736	3.12389973024034E-9
683.083	3.12383051204213E-9
683.429	3.14249025050883E-9
683.776	3.14567517021616E-9
684.122	3.15610245347338E-9
684.469	3.17594419613842E-9
684.815	3.17639011122456E-9
685.162	3.17879923115079E-9
685.508	3.19084700755422E-9
685.855	3.20462731913242E-9
686.201	3.2069952522868E-9
686.547	3.21920422853191E-9
686.893	3.22909765431103E-9
687.239	3.2442653092498E-9
687.585	3.25479546751991E-9
687.931	3.2631083101836E-9
688.277	3.26014671944372E-9
688.623	3.27716146073166E-9
688.969	3.2875630720597E-9
689.315	3.2968316048645E-9
689.661	3.29901826244227E-9
690.006	3.32168611341087E-9
690.352	3.32328357148227E-9
690.698	3.34808784850085E-9
691.043	3.34748734333633E-9
691.389	3.36781225531375E-9
691.734	3.36423256011998E-9
692.08	3.38415044011112E-9
692.425	3.38330122007809E-9
692.77	3.39500800583982E-9
693.116	3.40600984917978E-9
693.461	3.419380051597E-9
693.806	3.44692882209253E-9
694.151	3.44625164743739E-9
694.496	3.45693561747211E-9
694.841	3.4658696814582E-9
695.186	3.46320376892492E-9
695.531	3.48846231772146E-9
695.876	3.49445360038173E-9
696.221	3.50804709961617E-9
696.566	3.52132271071397E-9
696.91	3.52679705954352E-9
697.255	3.5470250926774E-9
697.6	3.56183792919087E-9
697.944	3.56192419491917E-9
698.289	3.5817759738173E-9
698.633	3.58454714575143E-9
698.978	3.59625276064864E-9
699.322	3.61582702533311E-9
699.667	3.62082568069374E-9
700.011	3.63415478012499E-9
700.355	3.66103422369905E-9
700.699	3.66454947002611E-9
701.043	3.67726695334821E-9
701.388	3.69064870307051E-9
701.732	3.70284541723124E-9
702.076	3.71929375610193E-9
702.42	3.72787590609238E-9
702.763	3.74028953477064E-9
703.107	3.75959910429415E-9
703.451	3.78130654685136E-9
703.795	3.78512747173269E-9
704.139	3.80633730411224E-9
704.482	3.81929374225159E-9
704.826	3.82403318365556E-9
705.169	3.84634133133303E-9
705.513	3.85649967935635E-9
705.856	3.88151520155018E-9
706.2	3.88768158097646E-9
706.543	3.91277398757738E-9
706.886	3.91854151172547E-9
707.23	3.9339671689361E-9
707.573	3.96225909030765E-9
707.916	3.96534488336793E-9
708.259	3.98072220537239E-9
708.602	3.98897091976073E-9
708.945	4.0086433531953E-9
709.288	4.02968832756293E-9
709.631	4.04738223709821E-9
709.974	4.06081958662776E-9
710.317	4.07536931002855E-9
710.659	4.0878333866266E-9
711.002	4.09963868344359E-9
711.345	4.12559348354182E-9
711.687	4.14179322431912E-9
712.03	4.14323201302265E-9
712.372	4.17528971314578E-9
712.715	4.1951447972156E-9
713.057	4.20391814785532E-9
713.4	4.21867097776481E-9
713.742	4.24708987604146E-9
714.084	4.25866299579798E-9
714.426	4.28640953786044E-9
714.769	4.28914847232225E-9
715.111	4.30621186512682E-9
715.453	4.32426028000458E-9
715.795	4.33875474749048E-9
716.137	4.3647074488993E-9
716.479	4.38002581618681E-9
716.821	4.40133233871656E-9
717.162	4.41598448214081E-9
717.504	4.43469161921855E-9
717.846	4.44941810623715E-9
718.188	4.46931432683353E-9
718.529	4.47795947398291E-9
718.871	4.50912947825366E-9
719.212	4.52694795280449E-9
719.554	4.53623500671988E-9
719.895	4.57671215727295E-9
720.236	4.58554601422499E-9
720.578	4.61716676758327E-9
720.919	4.62301658017796E-9
721.26	4.65276833928865E-9
721.601	4.66020178449331E-9
721.943	4.67293339730145E-9
722.284	4.69416254772611E-9
722.625	4.73208249733683E-9
722.966	4.73818421292078E-9
723.306	4.75623606245401E-9
723.647	4.77614977704916E-9
723.988	4.80192023901246E-9
724.329	4.82303865484004E-9
724.67	4.84966536026759E-9
725.01	4.86840188539315E-9
725.351	4.87755461741836E-9
725.691	4.91418067694908E-9
726.032	4.92825784317051E-9
726.372	4.93772999957161E-9
726.713	4.97914145253397E-9
727.053	5.00692094141448E-9
727.393	5.01517035708976E-9
727.734	5.05128609909169E-9
728.074	5.05488485263752E-9
728.414	5.08272856071085E-9
728.754	5.12167419342501E-9
729.094	5.12475658074335E-9
729.434	5.15324165257102E-9
729.774	5.17722392553005E-9
730.114	5.20116869757688E-9
730.454	5.24614832710212E-9
730.794	5.26792519022599E-9
731.134	5.29662388315532E-9
731.473	5.3046692397036E-9
731.813	5.33741486151974E-9
732.153	5.35961552014277E-9
732.492	5.3813437536114E-9
732.832	5.40417790224712E-9
733.171	5.42147289107015E-9
733.51	5.46511255600465E-9
733.85	5.49409380393138E-9
734.189	5.50716012917738E-9
734.528	5.54826878385929E-9
734.868	5.56286794272206E-9
735.207	5.60131202800157E-9
735.546	5.6106402109065E-9
735.885	5.63299944465072E-9
736.224	5.67935409374161E-9
736.563	5.68840007965516E-9
736.902	5.7215004300543E-9
737.241	5.74956241934652E-9
737.579	5.78748125003811E-9
737.918	5.81943841056945E-9
738.257	5.85439545275514E-9
738.596	5.88268116794326E-9
738.934	5.91197092268823E-9
739.273	5.95159189056275E-9
739.611	5.96703264718384E-9
739.95	5.97808612865582E-9
740.288	6.02714662265193E-9
740.626	6.06047131484248E-9
740.965	6.07708343460943E-9
741.303	6.1302159367992E-9
741.641	6.14686664168112E-9
741.979	6.2009654368788E-9
742.317	6.22661447494325E-9
742.655	6.27091386255976E-9
742.993	6.28222213518862E-9
743.331	6.31482797983835E-9
743.669	6.33837587033641E-9
744.007	6.40188369537519E-9
744.345	6.41034027554717E-9
744.683	6.44039643627512E-9
745.02	6.48416438201905E-9
745.358	6.52568480955038E-9
745.695	6.57485616202957E-9
746.033	6.61128112252296E-9
746.37	6.63282848447302E-9
746.708	6.70260509873996E-9
747.045	6.72953123735089E-9
747.383	6.76683592810211E-9
747.72	6.78426153415077E-9
748.057	6.83645076256748E-9
748.394	6.84461411494676E-9
748.731	6.90071430399153E-9
749.069	6.92639393066767E-9
749.406	6.99254023128771E-9
749.743	7.01079700851161E-9
750.079	7.05544748129901E-9
750.416	7.10247226275092E-9
750.753	7.17596803250012E-9
751.09	7.20127082184434E-9
751.427	7.24110045159484E-9
751.763	7.26773534970702E-9
752.1	7.3066215399457E-9
752.437	7.34874132651753E-9
752.773	7.39531929237984E-9
753.109	7.43652741883287E-9
753.446	7.48604566973152E-9
753.782	7.52059442905472E-9
754.119	7.59461380610514E-9
754.455	7.6421024633106E-9
754.791	7.65741327792316E-9
755.127	7.7192299110425E-9
755.463	7.7333088285245E-9
755.799	7.80904545932914E-9
756.135	7.83292792294448E-9
756.471	7.90078102666572E-9
756.807	7.93483935824817E-9
757.143	7.99375347858996E-9
757.479	8.05358110229247E-9
757.815	8.11305261607046E-9
758.15	8.13229083914195E-9
758.486	8.20445278140917E-9
758.822	8.22834081533397E-9
759.157	8.21884595085699E-9
759.493	8.24387606368615E-9
759.828	8.34608322057602E-9
760.164	8.54983560971629E-9
760.499	8.75672552957504E-9
760.834	9.08001313152956E-9
761.169	9.40078015828499E-9
761.505	9.73860797761078E-9
761.84	1.01852261452805E-8
762.175	1.06597039403778E-8
762.51	1.1126228703797E-8
762.845	1.16845279797542E-8
763.18	1.23114507362588E-8
763.515	1.28993992597489E-8
763.849	1.35788167143854E-8
764.184	1.42400026445325E-8
764.519	1.50356705125638E-8
764.854	1.58881504660268E-8
765.188	1.68781715042318E-8
765.523	1.79758036687575E-8
765.857	1.91935423589796E-8
766.192	2.05311431625696E-8
766.526	2.19048175122172E-8
766.861	2.34675883887493E-8
767.195	2.52801526537222E-8
767.529	2.7261008838106E-8
767.863	2.93963906752559E-8
768.198	3.21226263425321E-8
768.532	3.48972646771533E-8
768.866	3.80305321942911E-8
769.2	4.19283163800497E-8
769.534	4.60117571953494E-8
769.868	5.09903864461648E-8
770.202	0
770.535	0
770.869	0
771.203	0
