348.45383	0.0
348.7177906242063	0.0
348.9817293495947	0.0
349.24564616531904	0.0
349.5095410605335	0.0
349.773414024392	0.0
350.03726504604856	1.565449881256835E-8
350.30109411465725	2.1117684080976736E-8
350.5649012193721	2.4776139919100467E-8
350.828686349347	2.575725588034681E-8
351.09244949373607	3.195515245246675E-8
351.35619064169333	2.9438778597119594E-8
351.61990978237276	2.6789733539446936E-8
351.8836069049284	3.001953952371102E-8
352.14728199851425	3.170357442619805E-8
352.41093505228434	2.7311925162984706E-8
352.67456605539263	2.929706788672896E-8
352.93817499699327	3.0208073476488116E-8
353.2017618662401	3.5383302071306625E-8
353.46532665228733	3.806723393488389E-8
353.7288693442888	3.175901061085512E-8
353.9923899313986	3.206091671508928E-8
354.2558884027708	3.134428387419149E-8
354.51936474755934	3.454383990810324E-8
354.78281895491824	3.034311387976182E-8
355.0462510140016	3.125116054584119E-8
355.3096609139633	3.51202128396173E-8
355.57304864395746	3.8034861045883737E-8
355.83641419313807	3.660486118912695E-8
356.0997575506591	3.9707215745359267E-8
356.36307870567464	2.915969300560839E-8
356.62637764733876	3.99401850311962E-8
356.8896543648053	3.1404972545305974E-8
357.1529088472284	3.468698465222142E-8
357.41614108376206	3.7779488215155005E-8
357.67935106356026	3.32213326175006E-8
357.94253877577705	3.5262157896436086E-8
358.2057042095664	4.0172398943009203E-8
358.4688473540824	3.7049801668193075E-8
358.7319681984791	3.737834149902233E-8
358.99506673191036	3.372648820954254E-8
359.25814294353034	3.93059589784289E-8
359.5211968224929	3.8790048650694754E-8
359.7842283579523	4.2847866135151874E-8
360.04723753906234	4.3220491622484507E-8
360.3102243549771	4.0247573120530847E-8
360.57318879485064	3.6582196147856304E-8
360.83613084783684	3.7640769656468946E-8
361.0990505030899	3.1591629554219534E-8
361.3619477497638	4.031975681865105E-8
361.6248225770125	3.940685822334863E-8
361.88767497399004	4.100640768509696E-8
362.1505049298503	3.6335811171018015E-8
362.41331243374754	4.083208848298918E-8
362.6760974748356	4.2960549269542356E-8
362.93886004226863	3.869972640860402E-8
363.20160012520057	4.100841043825045E-8
363.4643177127853	4.177298634912679E-8
363.72701279417714	4.045176362443334E-8
363.98968535852987	4.7333958274338333E-8
364.2523353949976	5.461262146343984E-8
364.5149628927343	3.806526779106004E-8
364.77756784089405	3.908348255424809E-8
365.0401502286308	4.4315564142434597E-8
365.30271004509854	4.562095753329426E-8
365.56524727945146	4.1176639724356146E-8
365.8277619208434	4.8410230111759924E-8
366.09025395842843	4.144154392705186E-8
366.3527233813606	3.600466122101113E-8
366.61517017879385	4.094271141516197E-8
366.8775943398823	4.4972305308551896E-8
367.13999585377985	4.197239012169907E-8
367.40237470964064	3.776155581803729E-8
367.66473089661855	3.9021245657000925E-8
367.9270644038678	4.295888362324528E-8
368.18937522054216	4.452520759424223E-8
368.45166333579584	3.926675831279886E-8
368.7139287387827	3.7097651155344695E-8
368.9761714186569	4.089002416799092E-8
369.2383913645724	3.708592895364283E-8
369.5005885656832	3.885933731284886E-8
369.7627630111433	3.707873951323135E-8
370.0249146901068	3.599530648727837E-8
370.2870435917276	3.1054839475527977E-8
370.54914970515983	3.626549447378357E-8
370.81123301955733	3.6532360333562225E-8
371.0732935240744	2.8862254542729723E-8
371.33533120786484	3.3881290892909036E-8
371.5973460600827	2.928487889319765E-8
371.8593380698821	3.460462642020608E-8
372.12130722641683	3.22757368744711E-8
372.3832535188412	3.134855758338045E-8
372.645176936309	3.335914466484315E-8
372.9070774679744	3.12426139376991E-8
373.1689551029913	3.006069353248452E-8
373.4308098305137	2.898061720117627E-8
373.69264163969575	2.8426829208608345E-8
373.95445051969136	2.8187835420569693E-8
374.2162364596546	2.7403712743858858E-8
374.4779994487394	2.7872094716655356E-8
374.73973947609994	2.7789784579273643E-8
375.00145653089015	2.8693642602991628E-8
375.263150602264	2.7366776687884943E-8
375.5248216793755	2.388521176528931E-8
375.7864697513787	2.3852060710280074E-8
376.04809480742773	2.4627009916726734E-8
376.3096968366765	2.5223893367509448E-8
376.57127582827894	2.3198873586460586E-8
376.8328317713892	2.3731296536264736E-8
377.0943646551612	2.4086012003071565E-8
377.35587446874905	2.2610191793593582E-8
377.6173612013068	2.059710828305646E-8
377.87882484198826	2.3446725236861474E-8
378.1402653799477	2.1764801511793406E-8
378.4016828043389	2.094653610763546E-8
378.6630771043161	2.1087444541079003E-8
378.92444826903306	2.053329447600411E-8
379.1857962876441	1.9579987516266614E-8
379.44712114930303	1.917505386911969E-8
379.70842284316393	1.8627788922434032E-8
379.96970135838075	1.937254321168735E-8
380.23095668410764	2.0044584465206937E-8
380.4921888094985	1.7759709238949524E-8
380.75339772370734	1.7684740129778493E-8
381.0145834158883	1.6978279074491053E-8
381.27574587519535	1.7823018077086516E-8
381.53688509078233	1.715860131774946E-8
381.7980010518035	1.6755875746339852E-8
382.05909374741276	1.6143064994594966E-8
382.3201631667642	1.6365363009263733E-8
382.5812092990117	1.6432618715305662E-8
382.8422321333093	1.496483194397989E-8
383.10323165881124	1.570764248857715E-8
383.3642078646713	1.4869780486938857E-8
383.62516074004355	1.4013986434865485E-8
383.88609027408205	1.4507901224252955E-8
384.1469964559408	1.3837347903818107E-8
384.40787927477373	1.4877183863969423E-8
384.668738719735	1.3442168058552833E-8
384.92957477997857	1.378405877281895E-8
385.19038744465837	1.3538565649432034E-8
385.45117670292854	1.320958010403607E-8
385.71194254394305	1.3341075047040244E-8
385.9726849568559	1.2673430132541952E-8
386.2334039308212	1.2667353158079159E-8
386.4940994549928	1.2619408179156503E-8
386.75477151852493	1.23482729018543E-8
387.0154201105713	1.2325594120061484E-8
387.2760452202863	1.1867662992806587E-8
387.5366468368237	1.15502212517924E-8
387.7972249493375	1.151909229710345E-8
388.0577795469818	1.1209841053679326E-8
388.31831061891063	1.1628013156187645E-8
388.578818154278	1.1381453300489413E-8
388.8393021422379	1.130587011417805E-8
389.0997625719444	1.103219485714936E-8
389.3601994325514	1.045469246980884E-8
389.62061271321295	1.0371341708412206E-8
389.88100240308324	1.059665598678841E-8
390.1413684913161	1.0418654325129957E-8
390.4017109670656	1.0086725648517451E-8
390.66202981948567	9.906875702770488E-9
390.9223250377305	9.966798176703129E-9
391.1825966109541	9.89767251457883E-9
391.4428445283102	9.43738369998905E-9
391.70306877895325	9.993686544388642E-9
391.96326935203695	9.745905473809645E-9
392.2234462367153	9.238691220320726E-9
392.4835994221425	9.343755426943457E-9
392.74372889747247	9.12503558686334E-9
393.0038346518593	8.90089072434358E-9
393.2639166744569	9.008337798674973E-9
393.5239749544194	8.943412688471252E-9
393.7840094809007	8.741760445333264E-9
394.04402024305483	8.455144662760235E-9
394.3040072300359	8.481022059684533E-9
394.56397043099787	8.652199203081153E-9
394.8239098350948	8.423224772489302E-9
395.0838254314806	8.472471528058282E-9
395.34371720930943	8.09810175007396E-9
395.6035851577352	8.195305035155243E-9
395.8634292659119	8.16409174046161E-9
396.12324952299366	7.968936916494444E-9
396.3830459181344	7.8429961427204E-9
396.64281844048827	8.000590074237888E-9
396.9025670792091	7.946883288858725E-9
397.1622918234511	7.496611145525888E-9
397.4219926623681	8.005377876884306E-9
397.6816695851142	7.524478925643549E-9
397.9413225808435	7.503968513020674E-9
398.20095163870985	7.361376186738069E-9
398.46055674786743	7.370379114892757E-9
398.7201378974701	7.346928407095307E-9
398.97969507667204	7.318710717227608E-9
399.2392282746271	7.116739614990037E-9
399.49873748048947	6.8996465653816745E-9
399.758222683413	6.859458863366328E-9
400.01768387255186	7.025280949220441E-9
400.27712103705994	6.997903405167851E-9
400.53653416609137	6.994621652515977E-9
400.79592324879997	7.076660974508852E-9
401.05528827434	6.763915846012948E-9
401.3146292318653	6.766882253681115E-9
401.57394611052996	6.861668400989944E-9
401.8332388994881	6.692613212788144E-9
402.09250758789346	6.577500914394807E-9
402.35175216490035	6.483121173959296E-9
402.6109726196626	6.6061116819850425E-9
402.87016894133427	6.386535494511159E-9
403.1293411190694	6.425489810966339E-9
403.3884891420221	6.415846914093608E-9
403.6476129993462	6.388056038564854E-9
403.9067126801958	6.400998505723897E-9
404.165788173725	6.048089323976817E-9
404.4248394690876	6.143937886010944E-9
404.6838665554378	6.150670696263202E-9
404.9428694219296	6.147523187602945E-9
405.201848057717	5.993817041558205E-9
405.460802451954	6.077047691191426E-9
405.7197325937945	6.158540932994971E-9
405.9786384723928	6.056855806829167E-9
406.2375200769026	5.947539842736391E-9
406.49637739647824	6.025343422303516E-9
406.75521042027344	5.794344424571983E-9
407.0140191374424	5.7662538602245405E-9
407.27280353713905	5.755364147325072E-9
407.5315636085174	5.720200221230983E-9
407.79029934073156	5.822537900190602E-9
408.0490107229355	5.856334942050085E-9
408.3076977442832	5.7357856683002076E-9
408.5663603939287	5.733969879277064E-9
408.824998661026	5.682276342764169E-9
409.0836125347291	5.773254871059334E-9
409.34220200419213	5.444939666872543E-9
409.60076705856903	5.842376320347021E-9
409.85930768701377	5.4927910879749904E-9
410.11782387868044	5.512015662801235E-9
410.376315622723	5.656194072320981E-9
410.6347829082955	5.5195402256467454E-9
410.89322572455194	5.429295293859173E-9
411.1516440606464	5.439258111765174E-9
411.4100379057328	5.4220620137584674E-9
411.6684072489652	5.343549346443795E-9
411.9267520794976	5.342907506152331E-9
412.18507238648414	5.39019720097597E-9
412.44336815907855	5.30572763351123E-9
412.7016393864352	5.369434944621676E-9
412.95988605770776	5.149108194799092E-9
413.2181081620506	5.2909899771613995E-9
413.47630568861746	5.256382329901289E-9
413.73447862656246	5.161473291915922E-9
413.9926269650397	5.233309900736188E-9
414.25075069320303	5.155807891251032E-9
414.50884980020646	5.201471624312306E-9
414.7669242752042	5.1754730546163216E-9
415.0249741073501	5.001153782473459E-9
415.2829992857983	5.0753806509182405E-9
415.54099979970266	4.914988641797402E-9
415.79897563821737	5.05926050492596E-9
416.05692679049633	5.038128833760192E-9
416.3148532456936	4.99131340202799E-9
416.5727549929632	4.90223081275145E-9
416.83063202145905	4.986029296126812E-9
417.08848432033534	4.94972016882099E-9
417.3463118787459	4.8865107021332456E-9
417.60411468584493	4.950463797973921E-9
417.8618927307864	4.986810751611623E-9
418.11964600272415	4.82463441636962E-9
418.37737449081243	4.8658996996459E-9
418.6350781842051	4.834885248346531E-9
418.8927570720563	4.8369639212631274E-9
419.15041114351993	4.8764292005844275E-9
419.4080403877501	4.749296973232111E-9
419.66564479390075	4.811595938645258E-9
419.9232243511259	4.781134507300271E-9
420.1807790485797	4.8210475697270334E-9
420.43830887541594	4.656052137712916E-9
420.6958138207889	4.741296297857928E-9
420.9532938738523	4.720036334271538E-9
421.21074902376046	4.64390880743065E-9
421.4681792596672	4.633763043202721E-9
421.72558457072654	4.631894742211817E-9
421.9829649460926	4.706349578950383E-9
422.24032037491935	4.617792149135756E-9
422.4976508463608	4.599166961617877E-9
422.7549563495708	4.6571269998227525E-9
423.0122368737037	4.6251659121540245E-9
423.2694924079134	4.5850138831092586E-9
423.52672294135374	4.6108767141565984E-9
423.78392846317894	4.477571415868932E-9
424.04110896254286	4.558154189871938E-9
424.2982644285997	4.505820905282418E-9
424.55539485050326	4.513899111190877E-9
424.8125002174077	4.5439148969910075E-9
425.06958051846703	4.5252684341281986E-9
425.32663574283515	4.464482915987831E-9
425.58366587966634	4.464539330120008E-9
425.8406709181143	4.482115133079139E-9
426.0976508473333	4.469457585937002E-9
426.35460565647713	4.437677639885665E-9
426.6115353346999	4.311898432518427E-9
426.86843987115583	4.438580175263029E-9
427.1253192549986	4.429063459681597E-9
427.38217347538244	4.380323978163866E-9
427.63900252146135	4.447023629030609E-9
427.8958063823892	4.3258902855532285E-9
428.1525850473202	4.372494632542635E-9
428.4093385054083	4.360888079079782E-9
428.6660667458074	4.373681522057028E-9
428.92276975767163	4.303435487288798E-9
429.1794475301551	4.293833376130027E-9
429.4361000524117	4.3055273413286165E-9
429.6927273135953	4.235892271472648E-9
429.94932930286024	4.293825495717356E-9
430.2059060093603	4.247533068617855E-9
430.4624574222496	4.272828162376983E-9
430.71898353068207	4.209588063076972E-9
430.9754843238118	4.221218627858689E-9
431.23195979079287	4.293287803506753E-9
431.4884099207792	4.210712707169541E-9
431.7448347029248	4.229820635278157E-9
432.00123412638374	4.233995172524707E-9
432.25760818030994	4.157817008000748E-9
432.5139568538575	4.15242567152904E-9
432.7702801361805	4.2328112118801904E-9
433.0265780164328	4.176482816177071E-9
433.2828504837685	4.139541837871804E-9
433.53909752734165	4.188110433387458E-9
433.7953191363062	4.216701468446907E-9
434.05151529981623	4.137823037746693E-9
434.30768600702567	4.153690035201762E-9
434.5638312470886	4.105665373473973E-9
434.81995100915907	4.1239163028781675E-9
435.076045282391	4.0837838223460875E-9
435.3321140559385	4.143627649105613E-9
435.5881573189555	4.101007709408734E-9
435.84417506059606	4.1307140477585835E-9
436.1001672700143	4.060700150839115E-9
436.3561339363641	4.157974430563274E-9
436.6120750487994	4.095675536969527E-9
436.8679905964744	4.0846892769737874E-9
437.12388056854303	4.058935514209308E-9
437.3797449541593	4.111658255066905E-9
437.63558374247725	4.087344657605585E-9
437.891396922651	3.9761925229399514E-9
438.1471844838344	4.041083253678026E-9
438.4029464151814	4.013064991037149E-9
438.65868270584633	4.041038269773767E-9
438.9143933449829	4.026045679475104E-9
439.1700783217453	4.022474413912246E-9
439.42573762528747	3.980863780011668E-9
439.6813712447635	4.048958120520201E-9
439.93697916932734	3.9962219451682704E-9
440.1925613881329	3.965161217374621E-9
440.44811789033446	4.022583833752983E-9
440.7036486650859	4.020151694666328E-9
440.95915370154114	3.912483762706341E-9
441.21463298885436	3.9540614478676665E-9
441.4700865161795	3.969519955913779E-9
441.7255142726706	3.960652962516073E-9
441.98091624748156	3.959499561790799E-9
442.2362924297666	3.971457864260069E-9
442.49164280867956	3.9703467885791444E-9
442.74696737337456	3.9027988547127985E-9
443.00226611300553	3.939260624668596E-9
443.2575390167267	3.8994836212211476E-9
443.5127860736918	3.9350097403979054E-9
443.768007273055	3.926392082032577E-9
444.02320260397033	3.9088216452711506E-9
444.2783720555918	3.920618283288128E-9
444.5335156170733	3.937643035283623E-9
444.7886332775689	3.857495426150836E-9
445.0437250262328	3.961974737976224E-9
445.2987908522188	3.911147913335925E-9
445.55383074468097	3.872578550012332E-9
445.8088446927734	3.844228194063755E-9
446.0638326856501	3.835794202048167E-9
446.3187947124649	3.8221188574291854E-9
446.57373076237207	3.885234348144488E-9
446.82864082452545	3.830291869922258E-9
447.0835248880792	3.876733829972871E-9
447.33838294218714	3.7939849220214406E-9
447.59321497600354	3.884211226986895E-9
447.8480209786822	3.877743119329713E-9
448.1028009393772	3.835972185304088E-9
448.3575548472427	3.874621822843017E-9
448.6122826914324	3.861345123959125E-9
448.8669844611006	3.839598927082066E-9
449.1216601454012	3.786080651524451E-9
449.37630973348837	3.8475256457389545E-9
449.6309332145159	3.798165155687151E-9
449.8855305776379	3.77618768326591E-9
450.14010181200837	3.7836442282543995E-9
450.3946469067813	3.848138157187878E-9
450.6491658511109	3.812391339141658E-9
450.90365863415093	3.8170881752608174E-9
451.15812524505554	3.744297522477579E-9
451.41256567297876	3.803996492536487E-9
451.66697990707456	3.813118077517865E-9
451.92136793649695	3.772599704132024E-9
452.1757297504	3.757853679205629E-9
452.4300653379376	3.795594802869144E-9
452.6843746882639	3.77495629709513E-9
452.93865779053294	3.783514478391215E-9
453.1929146338986	3.748784860903169E-9
453.44714520751495	3.743958440638538E-9
453.7013495005361	3.746864953117162E-9
453.95552750211596	3.7559142090119986E-9
454.20967920140856	3.731978985779032E-9
454.46380458756795	3.746050542992234E-9
454.71790364974805	3.736983492689874E-9
454.9719763771031	3.742507084335599E-9
455.2260227587868	3.759059119955817E-9
455.4800427839535	3.725332773565614E-9
455.734036441757	3.7486648512302145E-9
455.9880037213513	3.6966494732816376E-9
456.2419446118906	3.743510422626408E-9
456.4958591025287	3.733948517733078E-9
456.74974718241975	3.682594179069601E-9
457.0036088407178	3.6943706748324986E-9
457.2574440665768	3.709480973082744E-9
457.5112528491507	3.698599877876115E-9
457.76503517759363	3.6744450276125783E-9
458.0187910410596	3.6736753475048666E-9
458.2725204287025	3.6839707573205938E-9
458.52622332967655	3.6772679291164654E-9
458.77989973313555	3.6774939882673925E-9
459.0335496282337	3.645779333635924E-9
459.28717300412495	3.6546441980737666E-9
459.5407698499632	3.6496996496657853E-9
459.79434015490267	3.6976368457224678E-9
460.0478839080973	3.6545834135157745E-9
460.301401098701	3.5843398595030533E-9
460.5548917158678	3.6051066380992098E-9
460.8083557487519	3.665982711997357E-9
461.06179318650726	3.6417812682617923E-9
461.3152040182878	3.6450729082117605E-9
461.56858823324757	3.622301438461728E-9
461.8219458205406	3.6248123242926277E-9
462.0752767693208	3.602585029104797E-9
462.3285810687424	3.6442515527421126E-9
462.5818587079592	3.5892092581794146E-9
462.83510967612546	3.5845049693602823E-9
463.0883339623949	3.6250206451198546E-9
463.34153155592185	3.6564644694493838E-9
463.59470244586015	3.5966257570224645E-9
463.8478466213637	3.61969971662521E-9
464.10096407158676	3.621544267340944E-9
464.35405478568316	3.5838863595279603E-9
464.60711875280714	3.577524858339183E-9
464.8601559621124	3.6166423404810983E-9
465.1131664027533	3.6153509197412665E-9
465.3661500638836	3.5706558683158546E-9
465.6191069346574	3.5789656528835995E-9
465.8720370042288	3.5829819623603955E-9
466.12494026175165	3.57264901759382E-9
466.37781669638	3.572067109114305E-9
466.630666297268	3.577271492258415E-9
466.8834890535696	3.5732767660125975E-9
467.13628495443885	3.5560872599690453E-9
467.38905398902955	3.5620677561158045E-9
467.641796146496	3.548171239052212E-9
467.89451141599216	3.547084302312067E-9
468.1471997866719	3.5717308360912842E-9
468.3998612476893	3.5713439140550557E-9
468.65249578819845	3.572098762897087E-9
468.9051033973533	3.5584409790279786E-9
469.1576840643079	3.5128653567971344E-9
469.41023777821624	3.563051645904216E-9
469.6627645282324	3.505274720647E-9
469.9152643035103	3.539791679382855E-9
470.167737093204	3.539316113947707E-9
470.42018288646744	3.5101969117946447E-9
470.6726016724549	3.5004562989133326E-9
470.92499344032007	3.5221640321010257E-9
471.17735817921715	3.5190437353257744E-9
471.42969587830015	3.526769890378223E-9
471.682006526723	3.4794043828238534E-9
471.9342901136398	3.5237625867229313E-9
472.18654662820444	3.489666126481883E-9
472.4387760595712	3.4905692750090614E-9
472.6909783968938	3.5056807167100965E-9
472.94315362932645	3.502511989135968E-9
473.19530174602306	3.4810152896484825E-9
473.4474227361377	3.4563478423585006E-9
473.6995165888244	3.5150154080589584E-9
473.95158329323715	3.493596453073294E-9
474.20362283852995	3.4820834975817994E-9
474.4556352138568	3.5094901796462215E-9
474.7076204083718	3.4776677275835474E-9
474.9595784112289	3.4881725752304008E-9
475.2115092115821	3.462478347528902E-9
475.4634127985855	3.464266455210229E-9
475.71528916139306	3.450842605456963E-9
475.9671382891588	3.439189495998621E-9
476.21896017103666	3.427398973060888E-9
476.4707547961808	3.4345626532592027E-9
476.7225221537452	3.3892495811935375E-9
476.97426223288386	3.448573954794576E-9
477.2259750227508	3.440287537131405E-9
477.4776605125	3.4520523794620974E-9
477.72931869128547	3.4319276810027635E-9
477.9809495482612	3.449421935007961E-9
478.2325530725815	3.4412991666201408E-9
478.48412925339994	3.4224732248910486E-9
478.7356780798707	3.4412830772452578E-9
478.98719954114796	3.4402456629433416E-9
479.2386936263856	3.4207738627958264E-9
479.49016032473764	3.442416276652799E-9
479.7415996253581	3.4180681606864685E-9
479.9930115174011	3.4428367415592603E-9
480.24439599002045	3.409323827333407E-9
480.4957530323703	3.3949449495455898E-9
480.74708263360475	3.405648629506551E-9
480.9983847828776	3.3772670618730008E-9
481.24965946934304	3.401513263762581E-9
481.50090668215506	3.382393700401532E-9
481.7521264104676	3.3966472699337944E-9
482.00331864343474	3.371072430557208E-9
482.2544833702104	3.365789668315987E-9
482.50562057994875	3.3748796101195974E-9
482.75673026180374	3.363328443120948E-9
483.0078124049293	3.3723816230907604E-9
483.2588669984796	3.3982852846869343E-9
483.5098940316086	3.3499567873146237E-9
483.7608934934703	3.3675782017063474E-9
484.0118653732186	3.3716997227905338E-9
484.2628096600078	3.339962600281958E-9
484.5137263429916	3.4052560845303187E-9
484.7646154113242	3.3607114187952406E-9
485.01547685415966	3.384919185998874E-9
485.2663106606519	3.3310846525538758E-9
485.5171168199549	3.3271906577474884E-9
485.7678953212227	3.3453522339161717E-9
486.01864615360944	3.327231334635458E-9
486.269369306269	3.3466003032022594E-9
486.52006476835544	3.3027215629465702E-9
486.7707325290228	3.333248823395086E-9
487.0213725774251	3.3085172830306793E-9
487.2719849027162	3.329817004979886E-9
487.52256949405034	3.3241022015260767E-9
487.77312634058154	3.3302562276569605E-9
488.02365543146357	3.300977308385828E-9
488.2741567558506	3.31999660628896E-9
488.52463030289675	3.323885517524962E-9
488.7750760617559	3.295520449160549E-9
489.02549402158195	3.320265034156054E-9
489.27588417152924	3.304299897660854E-9
489.5262465007516	3.3103894107548795E-9
489.77658099840295	3.3306849582027513E-9
490.02688765363746	3.285863958498024E-9
490.2771664556091	3.302945190472414E-9
490.5274173934719	3.286534682903827E-9
490.77764045637986	3.268519433284943E-9
491.02783563348703	3.271263145557072E-9
491.2780029139474	3.293738099253515E-9
491.5281422869149	3.2877437174860783E-9
491.77825374154367	3.2792531778730555E-9
492.0283372669877	3.256149474238012E-9
492.278392852401	3.251847223138994E-9
492.5284204869376	3.26648987799651E-9
492.7784201597514	3.257853958108633E-9
493.02839185999665	3.25994671739114E-9
493.27833557682715	3.2408973334387335E-9
493.5282512993969	3.2688861751672248E-9
493.7781390168602	3.2375971900219726E-9
494.02799871837084	3.2635960370736926E-9
494.2778303930827	3.248298405427879E-9
494.5276340301502	3.2460033850918512E-9
494.777409618727	3.234521726325282E-9
495.0271571479673	3.2410527870302495E-9
495.27687660702503	3.2401452410092146E-9
495.52656798505427	3.1948533759443328E-9
495.7762312712089	3.222630681626055E-9
496.02586645464316	3.2120112949508887E-9
496.2754735245109	3.2070160626154845E-9
496.5250524699662	3.2012335430096617E-9
496.77460328016303	3.2007375553939504E-9
497.0241259442555	3.2107197613798126E-9
497.27362045139756	3.1972867508831832E-9
497.5230867907432	3.220189013645946E-9
497.7725249514464	3.1828283159609815E-9
498.02193492266133	3.1918510165435293E-9
498.27131669354196	3.1816542238758034E-9
498.52067025324214	3.1892129507268102E-9
498.76999559091615	3.1817403437573026E-9
499.0192926957178	3.1637514800584895E-9
499.26856155680116	3.173635782658833E-9
499.51780216332025	3.191987351312555E-9
499.7670145044292	3.2003104288178697E-9
500.0161985692819	3.1773151100765757E-9
500.2653543470323	3.1714791999637584E-9
500.51448182683464	3.1818823211776444E-9
500.7635809978427	3.1625284246424886E-9
501.01265184921067	3.1781591371990196E-9
501.2616943700924	3.1510543750862075E-9
501.5107085496422	3.1545365764601213E-9
501.7596943770137	3.161293491881581E-9
502.00865184136114	3.1402601766311023E-9
502.2575809318386	3.1634215413654974E-9
502.5064816376	3.1468410997151903E-9
502.7553539477993	3.139355616968017E-9
503.0041978515906	3.144150149079115E-9
503.2530133381279	3.1272329996151326E-9
503.50180039656516	3.1641282764521836E-9
503.75055901605646	3.130291731921356E-9
503.9992891857558	3.1508874244265344E-9
504.2479908948173	3.123784244135747E-9
504.49666413239476	3.090652131776767E-9
504.74530888764235	3.1726955420515783E-9
504.99392514971413	3.142082513016637E-9
505.2425129077639	3.1111401874093442E-9
505.49107215094585	3.115867952313177E-9
505.739602868414	3.1539092299104833E-9
505.98810504932237	3.110247184984039E-9
506.2365786828248	3.123909874280931E-9
506.4850237580755	3.1235977560226375E-9
506.7334402642285	3.1115544866613295E-9
506.9818281904376	3.113237245532161E-9
507.23018752585705	3.132328135937902E-9
507.4785182596408	3.101855912329558E-9
507.7268203809428	3.106878010825141E-9
507.97509387891705	3.096925503405874E-9
508.22333874271783	3.092253981299024E-9
508.4715549614987	3.085059754247264E-9
508.719742524414	3.1105438656242083E-9
508.9679014206177	3.1075768036192096E-9
509.21603163926386	3.106184459016722E-9
509.4641331695064	3.0993310245786232E-9
509.71220600049924	3.10720649529817E-9
509.96025012139677	3.1097747131344605E-9
510.20826552135253	3.0842233918808043E-9
510.4562521895208	3.1035033263041103E-9
510.70421011505556	3.0967865499195233E-9
510.952139287111	3.0869655520237718E-9
511.20003969484077	3.0833936575270486E-9
511.44791132739914	3.0869756757712887E-9
511.6957541739401	3.096706364791889E-9
511.9435682236176	3.0956213864499396E-9
512.1913534655857	3.0826750409621978E-9
512.4391098889984	3.125160669549778E-9
512.6868374830098	3.0733132356766615E-9
512.9345362367736	3.0964921518580708E-9
513.1822061394442	3.098897361211186E-9
513.4298471801757	3.1113469692710247E-9
513.6774593481216	3.1018964207261124E-9
513.9250426324362	3.1047862095559375E-9
514.1725970222736	3.0944761464122355E-9
514.420122506788	3.0970431012841235E-9
514.6676190751328	3.090725176803262E-9
514.9150867164624	3.0979662386202603E-9
515.162525419931	3.0801841854243887E-9
515.4099351746922	3.1100285240513643E-9
515.6573159699003	3.1119309926953024E-9
515.9046677947092	3.072892021473374E-9
516.1519906382731	3.097618877774258E-9
516.3992844897458	3.1062373961739276E-9
516.6465493382815	3.108466235105983E-9
516.893785173034	3.094822569926275E-9
517.1409919831573	3.111005182246268E-9
517.3881697578055	3.0958369467792228E-9
517.6353184861329	3.0885237711166546E-9
517.8824381572932	3.101409168728925E-9
518.1295287604404	3.09332256141451E-9
518.3765902847286	3.1036775811319493E-9
518.623622719312	3.1016910584940933E-9
518.8706260533443	3.0824221307217097E-9
519.1176002759796	3.132984911586189E-9
519.364545376372	3.1208583351608027E-9
519.6114613436756	3.1028500442681606E-9
519.8583481670443	3.0956890874600662E-9
520.1052058356321	3.0820622147368665E-9
520.3520343385931	3.1047536671345554E-9
520.598833665081	3.1189918937668727E-9
520.8456038042502	3.0962215257000607E-9
521.0923447452545	3.120631327079934E-9
521.3390564772483	3.116693150178257E-9
521.585738989385	3.1218150867809987E-9
521.8323922708194	3.1122594997101427E-9
522.0790163107046	3.09093906958606E-9
522.3256110981952	3.105634932642736E-9
522.572176622445	3.123597672928082E-9
522.8187128726083	3.1055575920046805E-9
523.0652198378388	3.123746549464195E-9
523.3116975072907	3.1059467655392316E-9
523.558145870118	3.133439433365018E-9
523.8045649154745	3.1208444284251E-9
524.0509546325144	3.1106430481512832E-9
524.2973150103918	3.113741917892364E-9
524.5436460382607	3.1260832676424462E-9
524.7899477052749	3.120373630976277E-9
525.0362200005885	3.1316580001331406E-9
525.2824629133559	3.1295272490613572E-9
525.5286764327303	3.1044449552562464E-9
525.7748605478665	3.1231011114294614E-9
526.0210152479182	3.1377326712089375E-9
526.2671405220395	3.104535501733078E-9
526.5132363593841	3.1076176967110134E-9
526.7593027491065	3.1248306058117677E-9
527.0053396803605	3.125268313433621E-9
527.2513471422999	3.133161321056531E-9
527.4973251240791	3.1216457917661108E-9
527.7432736148519	3.1251422113726474E-9
527.9891926037723	3.1126139035238093E-9
528.2350820799945	3.1344450342338496E-9
528.4809420326723	3.1256287208513097E-9
528.7267724509599	3.123353862270836E-9
528.9725733240109	3.1158116502828064E-9
529.2183446409798	3.111744911528276E-9
529.4640863910206	3.107287077148191E-9
529.7097985632871	3.1359394280423844E-9
529.9554811469334	3.117177457425466E-9
530.2011341311133	3.1214813565776652E-9
530.4467575049813	3.1211162929661058E-9
530.692351257691	3.1196303920537585E-9
530.9379153783966	3.125889452459378E-9
531.1834498562519	3.142349210582619E-9
531.4289546804113	3.1255893873545396E-9
531.6744298400286	3.130563147515763E-9
531.9198753242578	3.1205644011645665E-9
532.1652911222528	3.1253786979097595E-9
532.4106772231679	3.1329819262480123E-9
532.6560336161568	3.127477660402951E-9
532.9013602903738	3.1022535735849794E-9
533.1466572349728	3.109892185251857E-9
533.3919244391077	3.130759502868692E-9
533.6371618919328	3.117372317836242E-9
533.882369582602	3.119806439766967E-9
534.1275475002691	3.131557308910441E-9
534.3726956340884	3.13342872218699E-9
534.6178139732135	3.1033823182358348E-9
534.8629025067992	3.115924782357226E-9
535.1079612239987	3.1070382219283416E-9
535.3529901139665	3.1406124884999296E-9
535.5979891658565	3.1264280696398818E-9
535.8429583688225	3.1335769575778534E-9
536.0878977120187	3.1145838834577855E-9
536.3328071845993	3.1116633200471115E-9
536.5776867757181	3.1281081125631117E-9
536.8225364745291	3.1003477681273625E-9
537.0673562701865	3.12328139784238E-9
537.312146151844	3.1408019454220946E-9
537.5569061086558	3.1166705210564465E-9
537.8016361297759	3.119200524493756E-9
538.0463362043586	3.127015372762747E-9
538.2910063215573	3.1171407164897906E-9
538.5356464705264	3.1170393514531355E-9
538.7802566404202	3.1422507600956106E-9
539.0248368203922	3.121288252926358E-9
539.2693869995966	3.122884580021249E-9
539.5139071671874	3.1574646210338375E-9
539.7583973123188	3.1373266754318658E-9
540.0028574241445	3.1186944492326397E-9
540.2472874918187	3.124955662112582E-9
540.4916875044956	3.103635194652625E-9
540.7360574513289	3.1248950961252833E-9
540.9803973214727	3.123514973387402E-9
541.224707104081	3.1316808956935947E-9
541.4689867883079	3.1246304352999036E-9
541.7132363633075	3.1064558606899247E-9
541.9574558182335	3.1173226937499372E-9
542.2016451422404	3.1303991036607304E-9
542.4458043244817	3.1147936028910492E-9
542.6899333541116	3.1290788757916757E-9
542.9340322202843	3.113431172205049E-9
543.1781009121537	3.098128807199247E-9
543.4221394188738	3.1336671540715756E-9
543.6661477295985	3.1470825033820882E-9
543.9101258334821	3.126812708359134E-9
544.1540737196782	3.1058923837978746E-9
544.3979913773412	3.1104612059229937E-9
544.6418787956251	3.1327755837170636E-9
544.8857359636837	3.12557206606003E-9
545.1295628706711	3.1367753158349225E-9
545.3733595057413	3.120254613836926E-9
545.6171258580484	3.1147839286416638E-9
545.8608619167464	3.1285983191005007E-9
546.1045676709892	3.121627093926979E-9
546.3482431099309	3.1373001216400812E-9
546.5918882227256	3.118370443037115E-9
546.8355029985272	3.1156578304128202E-9
547.0790874264898	3.127383914037598E-9
547.3226414957672	3.1280809844882452E-9
547.5661651955137	3.115492064945499E-9
547.8096585148832	3.1303288864137755E-9
548.0531214430296	3.1434029827026854E-9
548.2965539691072	3.129644624255977E-9
548.5399560822697	3.1202829792086495E-9
548.7833277716715	3.1236484462616718E-9
549.0266690264662	3.12278638867542E-9
549.2699798358078	3.1313335366126795E-9
549.5132601888507	3.1365014695883484E-9
549.7565100747488	3.1364628200713322E-9
549.9997294826561	3.132571212433299E-9
550.2429184017265	3.1409879445506178E-9
550.486076821114	3.1311129891567516E-9
550.7292047299727	3.1183734554636377E-9
550.9723021174567	3.118157782929926E-9
551.2153689727198	3.1185347135975206E-9
551.4584052849164	3.1365754171395253E-9
551.7014110432	3.1475506891845185E-9
551.944386236725	3.128383742939215E-9
552.1873308546452	3.1087073320674085E-9
552.4302448861148	3.1352427867003532E-9
552.6731283202878	3.125596369169671E-9
552.9159811463179	3.1284251419088723E-9
553.1588033533596	3.114923318276371E-9
553.4015949305666	3.1199502782373796E-9
553.6443558670929	3.1173176284792443E-9
553.8870861520929	3.1364173728113953E-9
554.1297857747201	3.1436735498305033E-9
554.3724547241287	3.138755700127273E-9
554.6150929894728	3.1264606012156997E-9
554.8577005599066	3.1236047692091427E-9
555.1002774245836	3.1284688871264365E-9
555.3428235726583	3.118629546331863E-9
555.5853389932845	3.1255327458568394E-9
555.8278236756162	3.1224772368303703E-9
556.0702776088074	3.1382041278352834E-9
556.3127007820123	3.1213003563915295E-9
556.5550931843848	3.115226623445861E-9
556.7974548050788	3.107739880004018E-9
557.0397856332486	3.107806389120225E-9
557.2820856580479	3.130857845474646E-9
557.5243548686309	3.1117413233463434E-9
557.7665932541515	3.133399558470695E-9
558.0088008037638	3.1149893930900045E-9
558.250977506622	3.126463521907077E-9
558.4931233518798	3.116439131917355E-9
558.7352383286914	3.130010347761939E-9
558.9773224262108	3.1137760877809153E-9
559.2193756335918	3.1217110427234984E-9
559.4613979399886	3.1284312923970254E-9
559.7033893345554	3.1002404830042643E-9
559.945349806446	3.120636395359136E-9
560.1872793448143	3.09780142984309E-9
560.4291779388146	3.115679711667723E-9
560.6710455776006	3.1127838864088535E-9
560.9128822503266	3.1054437201850883E-9
561.1546879461465	3.1286841069653757E-9
561.3964626542144	3.0968556965039475E-9
561.6382063636842	3.111524683564309E-9
561.8799190637098	3.141879597267361E-9
562.1216007434457	3.1085290274162875E-9
562.3632513920454	3.1035493053286755E-9
562.604870998663	3.1022391712886503E-9
562.8464595524528	3.1161718935522994E-9
563.0880170425686	3.109680039208806E-9
563.3295434581645	3.128482567032738E-9
563.5710387883944	3.1076886025210757E-9
563.8125030224124	3.1233892579454247E-9
564.0539361493727	3.102214955763787E-9
564.2953381584289	3.083486954262265E-9
564.5367090387352	3.0999578432784754E-9
564.7780487794458	3.0973128660277216E-9
565.0193573697146	3.1116251916577516E-9
565.2606347986955	3.0850914118339525E-9
565.5018810555428	3.097484959387755E-9
565.7430961294101	3.122603581835373E-9
565.9842800094517	3.0886344312887834E-9
566.2254326848216	3.1002558656032826E-9
566.4665541446739	3.103047279555702E-9
566.7076443781623	3.1191164303486466E-9
566.9487033744409	3.1004097068697325E-9
567.189731122664	3.0883384716946992E-9
567.4307276119855	3.10678691113427E-9
567.6716928315592	3.098088595295354E-9
567.9126267705394	3.066450504600034E-9
568.15352941808	3.0965210639623177E-9
568.3944007633348	3.093647316987604E-9
568.6352407954582	3.1019162003421314E-9
568.8760495036041	3.082985363974814E-9
569.1168268769263	3.082692304415878E-9
569.3575729045791	3.1140250733295207E-9
569.5982875757163	3.096643550031678E-9
569.8389708794922	3.08945710007873E-9
570.0796228050605	3.087242352921778E-9
570.3202433415753	3.0935738354908646E-9
570.5608324781907	3.0890456359073703E-9
570.8013902040607	3.0766830260070638E-9
571.0419165083392	3.0844491210482424E-9
571.2824113801803	3.0597916216233382E-9
571.5228748087382	3.092316930919752E-9
571.7633067831665	3.0750701343768597E-9
572.0037072926197	3.074497119734506E-9
572.2440763262515	3.0879194516041125E-9
572.4844138732159	3.073061975919797E-9
572.724719922667	3.080525149441959E-9
572.9649944637588	3.0840637358710687E-9
573.2052374856455	3.066893719994939E-9
573.4454489774809	3.072158798445736E-9
573.685628928419	3.08298295263115E-9
573.925777327614	3.0702559526753284E-9
574.1658941642197	3.08220029974542E-9
574.4059794273902	3.067209758716196E-9
574.6460331062796	3.088028001989362E-9
574.886055190042	3.0710943498087126E-9
575.1260456678311	3.08218199896018E-9
575.3660045288012	3.092626160049923E-9
575.6059317621061	3.070719009819299E-9
575.8458273569	3.086656149918195E-9
576.0856913023368	3.0676684657687284E-9
576.3255235875704	3.067671077290021E-9
576.5653242017553	3.0731848794650157E-9
576.805093134045	3.0812776698941384E-9
577.0448303735938	3.0667282859603765E-9
577.2845359095555	3.0661628419652462E-9
577.5242097310843	3.0733367728669658E-9
577.7638518273342	3.083845422524315E-9
578.003462187459	3.0658801445297738E-9
578.2430408006131	3.062789366850258E-9
578.4825876559502	3.0793120602124223E-9
578.7221027426244	3.082399440384331E-9
578.9615860497898	3.0717536023151038E-9
579.2010375666003	3.0692171732262756E-9
579.4404572822101	3.067715371855932E-9
579.6798451857729	3.070960734418649E-9
579.9192012664431	3.0637090002593902E-9
580.1585255133743	3.0690710137004766E-9
580.397817915721	3.0564251764370452E-9
580.6370784626367	3.0760792238521526E-9
580.8763071432758	3.0893646450396857E-9
581.1155039467923	3.0701084096695227E-9
581.35466886234	3.0867475216845885E-9
581.593801879073	3.0814118908094144E-9
581.8329029861452	3.0834058942156477E-9
582.0719721727111	3.0891015869803655E-9
582.3110094279241	3.0556948157545284E-9
582.5500147409384	3.068047580509387E-9
582.7889881009083	3.083494367062432E-9
583.0279294969877	3.069635182640389E-9
583.2668389183303	3.086699294410678E-9
583.5057163540906	3.0867341194849555E-9
583.7445617934222	3.067732753556541E-9
583.9833752254793	3.090556145849875E-9
584.222156639416	3.079447923510499E-9
584.4609060243862	3.0877731533594615E-9
584.6996233695439	3.070308462380147E-9
584.9383086640431	3.061030276955242E-9
585.1769618970379	3.0777057611076017E-9
585.4155830576824	3.0764824298168394E-9
585.6541721351304	3.084275275860659E-9
585.8927291185361	3.0945340811650955E-9
586.1312539970532	3.0811745169392654E-9
586.3697467598363	3.092107444963306E-9
586.6082073960388	3.085629128733713E-9
586.8466358948151	3.07072402504476E-9
587.0850322453191	3.08907602879728E-9
587.3233964367048	3.0913317864005085E-9
587.5617284581263	3.1025948726771226E-9
587.8000282987374	3.0980771606945652E-9
588.0382959476924	3.0753263001950356E-9
588.2765313941452	3.0985115946098343E-9
588.5147346272497	3.0953685085230285E-9
588.7529056361602	3.0824673347464053E-9
588.9910444100303	3.1126601057170848E-9
589.2291509380144	3.095166921805254E-9
589.4672252092663	3.0911614085868936E-9
589.7052672129403	3.0943462742264664E-9
589.9432769381899	3.107591083847987E-9
590.1812543741697	3.1022143692584194E-9
590.4191995100332	3.1016555886071455E-9
590.6571123349347	3.1003000718869858E-9
590.8949928380282	3.1056767538718502E-9
591.1328410084676	3.0790269240389685E-9
591.3706568354072	3.1109215459137703E-9
591.6084403080007	3.1047715349544403E-9
591.8461914154024	3.1240722431076406E-9
592.0839101467658	3.08736012435822E-9
592.3215964912455	3.0889096370692216E-9
592.5592504379953	3.105224432546785E-9
592.7968719761691	3.107461144594622E-9
593.0344610949211	3.0862492341587513E-9
593.2720177834052	3.1182561134568107E-9
593.5095420307755	3.1115109907494747E-9
593.7470338261859	3.1008948702086476E-9
593.9844931587905	3.114014795880538E-9
594.2219200177433	3.1238599200557847E-9
594.4593143921983	3.110828145139872E-9
594.6966762713097	3.105291608837178E-9
594.9340056442312	3.1181874958834827E-9
595.171302500117	3.1128874853095E-9
595.408566828121	3.1236107681916707E-9
595.6457986173974	3.1316555914297994E-9
595.8829978571001	3.12954070140763E-9
596.1201645363831	3.129265387879344E-9
596.3572986444004	3.1368547341035286E-9
596.5944001703064	3.1016187758406967E-9
596.8314691032544	3.091337601437779E-9
597.068505432399	3.1180369302923057E-9
597.3055091468939	3.139179326645672E-9
597.5424802358932	3.134183772377042E-9
597.779418688551	3.132765304578855E-9
598.0163244940214	3.1260846717809942E-9
598.2531976414583	3.12563116795479E-9
598.4900381200155	3.118577659267375E-9
598.7268459188473	3.1183905822851904E-9
598.9636210271075	3.126410339808269E-9
599.2003634339504	3.1338455204887217E-9
599.4370731285298	3.1364682417666237E-9
599.6737501	3.1289629434845213E-9
599.9103943375147	3.134827562495578E-9
600.1470058302278	3.125628876487114E-9
600.3835845672938	3.129222030824098E-9
600.6201305378663	3.139733709962151E-9
600.8566437310994	3.1425553850207047E-9
601.0931241361474	3.1307819127899138E-9
601.3295717421639	3.1407416426607752E-9
601.5659865383033	3.1364745623890602E-9
601.8023685137193	3.1377415940680372E-9
602.038717657566	3.137052242044125E-9
602.2750339589976	3.131544237839356E-9
602.5113174071679	3.146104632728513E-9
602.7475679912311	3.1509277683189434E-9
602.9837857003411	3.143503626440989E-9
603.2199705236519	3.1498339434208367E-9
603.4561224503175	3.1415875670660287E-9
603.6922414694919	3.155696929510696E-9
603.9283275703293	3.1349747709794314E-9
604.1643807419836	3.14578625347627E-9
604.4004009736087	3.14751410010927E-9
604.6363882543588	3.163371587488362E-9
604.8723425733881	3.1373679022265295E-9
605.1082639198501	3.1508183544262467E-9
605.344152282899	3.139962480347934E-9
605.580007651689	3.1509576048170513E-9
605.815830015374	3.156270909147153E-9
606.0516193631081	3.1575468716785956E-9
606.2873756840453	3.1485189714756968E-9
606.5230989673395	3.162943698393589E-9
606.7587892021447	3.168331041916644E-9
606.9944463776151	3.1743969695478197E-9
607.2300704829045	3.143535312213897E-9
607.465661507167	3.147528366263574E-9
607.7012194395569	3.147789453524979E-9
607.9367442692277	3.1642573568127265E-9
608.1722359853338	3.1680882060384725E-9
608.4076945770291	3.1585735683824576E-9
608.6431200334677	3.1557470446272236E-9
608.8785123438033	3.1592161664453707E-9
609.1138714971903	3.1622675348294696E-9
609.3491974827825	3.1636564136717697E-9
609.5844902897342	3.14724333822844E-9
609.819749907199	3.1680789692940607E-9
610.0549763243312	3.1628374064038216E-9
610.2901695302845	3.1722350710933698E-9
610.5253295142134	3.1736845903613908E-9
610.7604562652715	3.1690914682428665E-9
610.9955497726131	3.1683900467203414E-9
611.2306100253921	3.154088241402204E-9
611.4656370127625	3.1688778746111954E-9
611.7006307238782	3.1665321951597255E-9
611.9355911478935	3.1791517018568863E-9
612.1705182739622	3.1642300942509582E-9
612.4054120912383	3.1783626782689435E-9
612.6402725888761	3.18579608819948E-9
612.8750997560294	3.1643267645510195E-9
613.1098935818521	3.174142276096626E-9
613.3446540554984	3.177264826870561E-9
613.5793811661221	3.1811215533635996E-9
613.8140749028776	3.1617557546592982E-9
614.0487352549185	3.1843159355729212E-9
614.2833622113992	3.185210572574885E-9
614.5179557614736	3.189296349365432E-9
614.7525158942955	3.184129148318862E-9
614.9870425990189	3.1690235992722587E-9
615.2215358647982	3.1806060918498976E-9
615.455995680787	3.1805137121825078E-9
615.6904220361398	3.1887088809776086E-9
615.9248149200101	3.1792716645828485E-9
616.1591743215523	3.181034876717834E-9
616.3935002299202	3.176497099983011E-9
616.6277926342678	3.1922509803401377E-9
616.8620515237492	3.184844217266971E-9
617.0962768875185	3.173235247133854E-9
617.3304687147297	3.17730366214039E-9
617.5646269945366	3.186198611876034E-9
617.7987517160934	3.187207956052314E-9
618.0328428685541	3.206917234704248E-9
618.2669004410727	3.1818311027947177E-9
618.5009244228031	3.186920495871233E-9
618.7349148028995	3.1858330816566393E-9
618.9688715705161	3.178921592065157E-9
619.2027947148063	3.1854187349531E-9
619.4366842249246	3.1866461388808376E-9
619.6705400900248	3.194508879652741E-9
619.9043622992613	3.1949248898214887E-9
620.1381508417875	3.2112596256083287E-9
620.3719057067578	3.19064040214038E-9
620.6056268833263	3.193602269367357E-9
620.8393143606468	3.205041874166597E-9
621.0729681278735	3.1930610235755032E-9
621.3065881741603	3.199673737404873E-9
621.5401744886611	3.2009450389819156E-9
621.7737270605301	3.1963244774926986E-9
622.0072458789211	3.191488492271151E-9
622.2407309329886	3.1851803471949963E-9
622.474182211886	3.199158159857191E-9
622.7075997047679	3.189354184054298E-9
622.9409834007878	3.199208922223459E-9
623.1743332891	3.209100281360978E-9
623.4076493588584	3.1929491330063026E-9
623.6409315992171	3.205709145857563E-9
623.8741799993303	3.1992076396882844E-9
624.1073945483515	3.2111058415452244E-9
624.3405752354353	3.2052180000992484E-9
624.5737220497354	3.2043160447559147E-9
624.8068349804056	3.2142998549601066E-9
625.0399140166004	3.2043984608001525E-9
625.2729591474734	3.1985609592076833E-9
625.5059703621791	3.1915109041961633E-9
625.7389476498712	3.206936426553934E-9
625.9718909997035	3.209710388051536E-9
626.2048004008303	3.212009926336821E-9
626.4376758424057	3.2146984312932166E-9
626.6705173135834	3.2083702000357423E-9
626.9033248035178	3.2183360713534345E-9
627.1360983013628	3.2222715291299548E-9
627.3688377962723	3.2227439066149973E-9
627.6015432774003	3.2091386652446235E-9
627.8342147339008	3.210316878779116E-9
628.0668521549279	3.2270477439335985E-9
628.2994555296357	3.220457957686848E-9
628.5320248471781	3.2270998482993085E-9
628.764560096709	3.2205202094853045E-9
628.9970612673828	3.2332562238310086E-9
629.2295283483531	3.2180863606628446E-9
629.4619613287742	3.2306177783779077E-9
629.6943601977998	3.2281699679161034E-9
629.9267249445843	3.2225421814153008E-9
630.1590555582817	3.2306850345880926E-9
630.3913520280457	3.2249763944871724E-9
630.6236143430305	3.2215399318537117E-9
630.85584249239	3.22918081269173E-9
631.0880364652784	3.2285229176170793E-9
631.3201962508494	3.225853293456735E-9
631.5523218382574	3.239699482668208E-9
631.7844132166564	3.238322443238602E-9
632.0164703752001	3.231215311549751E-9
632.2484933030429	3.246376584844679E-9
632.4804819893384	3.2328905314920035E-9
632.7124364232409	3.2353838720835237E-9
632.9443565939042	3.243605391664904E-9
633.1762424904825	3.2395097747937215E-9
633.40809410213	3.232198797821439E-9
633.6399114180003	3.247880674602071E-9
633.8716944272478	3.2379147369034056E-9
634.103443119026	3.232315094352575E-9
634.3351574824894	3.2519677667872236E-9
634.5668375067919	3.2373109724520647E-9
634.7984831810874	3.232566133650513E-9
635.0300944945301	3.2476015621813313E-9
635.2616714362738	3.2373055853710153E-9
635.4932139954727	3.238446416343199E-9
635.7247221612807	3.2459402073602834E-9
635.9561959228519	3.2492211753009916E-9
636.1876352693401	3.24131337400615E-9
636.4190401898996	3.2441206137176712E-9
636.6504106736844	3.2667734314076216E-9
636.8817467098484	3.257088869317573E-9
637.1130482875457	3.256665276360617E-9
637.34431539593	3.250729994710854E-9
637.5755480241558	3.2770088301199834E-9
637.8067461613766	3.2518748670060428E-9
638.0379097967469	3.2571011739607297E-9
638.2690389194207	3.267551637223089E-9
638.5001335185517	3.2555516424488126E-9
638.731193583294	3.2614521136259076E-9
638.9622191028018	3.2443007265351127E-9
639.1932100662287	3.2725840374074804E-9
639.4241664627292	3.263174726886522E-9
639.6550882814571	3.2728158633347865E-9
639.8859755115666	3.256429058982994E-9
640.1168281422114	3.2865629881602603E-9
640.3476461625457	3.2872368699162635E-9
640.5784295617234	3.2790688910434877E-9
640.8091783288986	3.279205797722358E-9
641.0398924532254	3.290626555742238E-9
641.2705719238577	3.283682747056252E-9
641.5012167299496	3.298653745350943E-9
641.7318268606552	3.2871495630485674E-9
641.9624023051282	3.297254068906571E-9
642.1929430525229	3.2821914078484975E-9
642.4234490919931	3.291863217483188E-9
642.6539204126931	3.3061984710731775E-9
642.8843570037767	3.319461468899331E-9
643.1147588543978	3.3034562339573475E-9
643.3451259537109	3.3021647546928156E-9
643.5754582908695	3.2978869728964912E-9
643.8057558550278	3.3051840139139683E-9
644.0360186353398	3.2971540684705216E-9
644.2662466209597	3.285536711584782E-9
644.4964398010414	3.300688034689119E-9
644.7265981647388	3.3072688431110003E-9
644.956721701206	3.311404211291312E-9
645.186810399597	3.3066505031655533E-9
645.4168642490658	3.3113089125459305E-9
645.6468832387666	3.3071711916050265E-9
645.8768673578531	3.304114728902411E-9
646.1068165954796	3.307225260547111E-9
646.3367309408	3.311248709343363E-9
646.5666103829683	3.295983803062434E-9
646.7964549111385	3.3002816251264633E-9
647.0262645144646	3.3110314405465618E-9
647.2560391821008	3.3174759772844135E-9
647.4857789032009	3.3034067372134707E-9
647.7154836669191	3.3227437390091085E-9
647.9451534624093	3.322396113502971E-9
648.1747882788255	3.3299128851362863E-9
648.4043881053218	3.3167583284465807E-9
648.6339529310521	3.3294224675483263E-9
648.8634827451705	3.3360941249831304E-9
649.092977536831	3.3407811151900594E-9
649.3224372951876	3.3358857231214993E-9
649.5518620093944	3.3601300939660807E-9
649.7812516686054	3.3440850435663628E-9
650.0106062619744	3.3372671538275826E-9
650.2399257786557	3.3490092964395805E-9
650.469210207803	3.3465807796077385E-9
650.6984595385708	3.352355222138268E-9
650.9276737601127	3.33223835653448E-9
651.1568528615829	3.3388746378526624E-9
651.3859968321354	3.3459054679796076E-9
651.6151056609242	3.3319551602271216E-9
651.8441793371031	3.349752894864859E-9
652.0732178498265	3.3497643959473725E-9
652.3022211882482	3.3368683482825288E-9
652.5311893415223	3.362700574609204E-9
652.7601222988027	3.339927844555178E-9
652.9890200492435	3.344330003955622E-9
653.2178825819987	3.3613051755618946E-9
653.4467098862223	3.353750082771322E-9
653.6755019510682	3.3609060724047296E-9
653.9042587656908	3.3394528636232418E-9
654.1329803192438	3.3543438938328216E-9
654.3616666008813	3.358207783986744E-9
654.5903175997573	3.3510722793761974E-9
654.8189333050257	3.367234481935251E-9
655.0475137058406	3.3701101198336666E-9
655.2760587913561	3.353007128265817E-9
655.5045685507264	3.3506565984655045E-9
655.7330429731051	3.3532052615503116E-9
655.9614820476464	3.35085573291149E-9
656.1898857635043	3.3513666243205323E-9
656.4182541098329	3.354959111903767E-9
656.6465870757861	3.3503562395285288E-9
656.8748846505179	3.3567201370558754E-9
657.1031468231826	3.3661170612379483E-9
657.3313735829338	3.3704688560010203E-9
657.5595649189258	3.3631827867880616E-9
657.7877208203125	3.373416065026602E-9
658.015841276248	3.367481427656053E-9
658.2439262758861	3.388133080751105E-9
658.4719758083811	3.3801693188485334E-9
658.6999898628869	3.3890814899879966E-9
658.9279684285576	3.3720579432540127E-9
659.1559114945471	3.3685513154704686E-9
659.3838190500094	3.363783910307855E-9
659.6116910840985	3.3885285075832742E-9
659.8395275859687	3.3682636526573513E-9
660.0673285447735	3.379407793122133E-9
660.2950939496675	3.392123032011372E-9
660.5228237898043	3.385169660629819E-9
660.750518054338	3.3775043283902487E-9
660.9781767324228	3.386322024595316E-9
661.2057998132125	3.379637135620322E-9
661.4333872858612	3.3784509511475766E-9
661.6609391395228	3.394868459708719E-9
661.8884553633516	3.370266960013711E-9
662.1159359465014	3.408433058497905E-9
662.3433808781264	3.386438050220955E-9
662.5707901473802	3.4043848060427004E-9
662.7981637434173	3.398477544721349E-9
663.0255016553914	3.387273198759236E-9
663.2528038724566	3.385853726809963E-9
663.4800703837672	3.405773465190421E-9
663.7073011784767	3.388398635287723E-9
663.9344962457396	3.4102033493571445E-9
664.1616555747096	3.394005008435209E-9
664.3887791545407	3.4132654348584667E-9
664.6158669743871	3.409164280808691E-9
664.8429190234027	3.4119363428241463E-9
665.0699352907418	3.3895795396443155E-9
665.296915765558	3.420810142875901E-9
665.5238604370055	3.4043540248594113E-9
665.7507692942385	3.4171979083123466E-9
665.9776423264105	3.4231396606092383E-9
666.204479522676	3.4088718378714058E-9
666.4312808721888	3.4206572035941386E-9
666.6580463641033	3.4120518071016472E-9
666.8847759875729	3.425271772687796E-9
667.111469731752	3.41087961775486E-9
667.3381275857945	3.4389822247841376E-9
667.5647495388545	3.429541144276501E-9
667.7913355800857	3.4252042358968123E-9
668.0178856986425	3.4414208791637192E-9
668.2443998836791	3.42836769615326E-9
668.470878124349	3.4254715968222528E-9
668.6973204098065	3.43514634520397E-9
668.9237267292054	3.4336692797992138E-9
669.1500970717	3.440795115001654E-9
669.376431426444	3.4396884973990365E-9
669.6027297825918	3.4589120795318242E-9
669.8289921292971	3.4334966492840933E-9
670.0552184557141	3.437812677040227E-9
670.2814087509968	3.4563626214809725E-9
670.5075630042991	3.4631492049851154E-9
670.7336812047749	3.4513145558294354E-9
670.9597633415785	3.4462750906666175E-9
671.185809403864	3.4412584128702083E-9
671.4118193807851	3.433049933608058E-9
671.637793261496	3.4490525133814424E-9
671.8637310351505	3.448320846083248E-9
672.0896326909028	3.444662877712051E-9
672.315498217907	3.455137756612575E-9
672.5413276053171	3.45274490789468E-9
672.7671208422869	3.474173669272822E-9
672.9928779179705	3.474708500356723E-9
673.2185988215222	3.480727154346576E-9
673.4442835420956	3.473194536578578E-9
673.6699320688447	3.48102774090138E-9
673.895544390924	3.498930297203707E-9
674.121120497487	3.4766944074270137E-9
674.3466603776883	3.5009740618175375E-9
674.5721640206813	3.498347947285881E-9
674.7976314156203	3.4838328560070688E-9
675.0230625516593	3.486262948437654E-9
675.2484574179523	3.4748223470119558E-9
675.4738160036534	3.4639245382067673E-9
675.6991382979164	3.503639911278668E-9
675.9244242898957	3.4814072884125382E-9
676.1496739687449	3.4876913337989042E-9
676.3748873236183	3.480205551419307E-9
676.6000643436697	3.4717886167800482E-9
676.8252050180532	3.4914737206961992E-9
677.0503093359229	3.495869467517787E-9
677.2753772864328	3.5150129608360097E-9
677.500408858737	3.5024670879166905E-9
677.7254040419892	3.4875405450056877E-9
677.9503628253437	3.5002463518626704E-9
678.1752851979544	3.5039594661902785E-9
678.4001711489753	3.490336217766017E-9
678.6250206675605	3.4978835936451215E-9
678.8498337428639	3.4903423295914956E-9
679.0746103640398	3.4911735634045743E-9
679.2993505202419	3.484053682332475E-9
679.5240542006243	3.4990095838329028E-9
679.748721394341	3.486393708663045E-9
679.9733520905461	3.486179890981663E-9
680.1979462783936	3.4881346082359655E-9
680.4225039470374	3.497135475666705E-9
680.6470250856318	3.495939843022965E-9
680.8715096833306	3.4913061656586332E-9
681.0959577292876	3.478666519351771E-9
681.3203692126573	3.5012082281709088E-9
681.5447441225933	3.4862042824507E-9
681.7690824482498	3.4905366219344397E-9
681.993384178781	3.5023507778580975E-9
682.2176493033407	3.491982113548832E-9
682.4418778110829	3.4987046821197203E-9
682.6660696911616	3.4886007976533485E-9
682.8902249327309	3.507173882546095E-9
683.1143435249447	3.5046389027622506E-9
683.3384254569572	3.5045004813128842E-9
683.5624707179223	3.5237944919405407E-9
683.7864792969941	3.49864554168092E-9
684.0104511833266	3.5061054502464368E-9
684.2343863660737	3.4957930180576556E-9
684.4582848343895	3.485778711955569E-9
684.682146577428	3.5133833803670737E-9
684.9059715843432	3.5036437004817517E-9
685.1297598442892	3.4939001462545917E-9
685.35351134642	3.521941534872876E-9
685.5772260798896	3.511057990721546E-9
685.8009040338518	3.5181518006373315E-9
686.0245451974608	3.5011736010614383E-9
686.2481495598709	3.507337973506658E-9
686.4717171102355	3.504775659489218E-9
686.6952478377093	3.5103505032380553E-9
686.9187417314457	3.509340642629544E-9
687.1421987805992	3.5054558660545722E-9
687.3656189743235	3.5202139453397395E-9
687.5890023017727	3.507511052028549E-9
687.8123487521009	3.5204088997577042E-9
688.0356583144619	3.5156210692299738E-9
688.2589309780102	3.5278112676110636E-9
688.4821667318992	3.5269418508018234E-9
688.7053655652834	3.5219244686025185E-9
688.9285274673165	3.524175278118447E-9
689.1516524271526	3.5268717734609113E-9
689.3747404339458	3.5074515244267704E-9
689.5977914768501	3.52522969749722E-9
689.8208055450195	3.514506786868931E-9
690.043782627608	3.509712283782733E-9
690.2667227137697	3.5242277578717576E-9
690.4896257926586	3.5067427096256674E-9
690.7124918534283	3.521952026420103E-9
690.9353208852334	3.532312934407001E-9
691.1581128772277	3.517860331839396E-9
691.3808678185652	3.5239960160179437E-9
691.6035856984	3.5162798640311667E-9
691.8262665058859	3.4990404880917872E-9
692.0489102301771	3.507437563082634E-9
692.2715168604276	3.506051140375284E-9
692.4940863857913	3.5192039300031168E-9
692.7166187954224	3.5198459996083593E-9
692.9391140784749	3.522531859984391E-9
693.1615722241027	3.5299012146466794E-9
693.3839932214597	3.539351147856959E-9
693.6063770597002	3.5346287626420712E-9
693.8287237279781	3.52978176010383E-9
694.0510332154473	3.523719651167906E-9
694.2733055112619	3.5400781927321805E-9
694.4955406045761	3.535374929098441E-9
694.7177384845438	3.5303287033985863E-9
694.9398991403189	3.5336039213648724E-9
695.1620225610553	3.5398059772693993E-9
695.3841087359074	3.5507969779470837E-9
695.606157654029	3.5305388384444834E-9
695.8281693045741	3.5201166739925348E-9
696.0501436766967	3.5320702996244346E-9
696.272080759551	3.5184145928615267E-9
696.4939805422908	3.5296918087175235E-9
696.7158430140703	3.545692709777632E-9
696.9376681640432	3.560050650347422E-9
697.159455981364	3.5388571342560115E-9
697.3812064551864	3.5343015884147538E-9
697.6029195746644	3.5382268090089183E-9
697.8245953289521	3.547609273098744E-9
698.0462337072036	3.5329826306705774E-9
698.2678346985726	3.5478485122094764E-9
698.4893982922135	3.5558721615680033E-9
698.7109244772802	3.547224251197307E-9
698.9324132429266	3.5311438605759056E-9
699.1538645783068	3.5381553810357925E-9
699.3752784725748	3.5514896888951557E-9
699.5966549148845	3.5421072148258123E-9
699.8179938943902	3.5317151533798947E-9
700.0392954002457	3.53929366894749E-9
700.260559421605	3.535873281556551E-9
700.4817859476224	3.527539691144915E-9
700.7029749674516	3.5343611942032785E-9
700.9241264702466	3.5566188681557737E-9
701.1452404451618	3.5528084490484054E-9
701.3663168813506	3.550165940986666E-9
701.5873557679676	3.552351573586806E-9
701.8083570941665	3.5595148655223392E-9
702.0293208491015	3.561414289104445E-9
702.2502470219264	3.564832143428006E-9
702.4711356017955	3.561027085461964E-9
702.6919865778625	3.5737046424857912E-9
702.9127999392815	3.5677861034844385E-9
703.1335756752068	3.5604605139735572E-9
703.3543137747921	3.5660302995359637E-9
703.5750142271916	3.556221468935754E-9
703.7956770215591	3.570694801694647E-9
704.0163021470489	3.5536534228814303E-9
704.2368895928147	3.5606249715797984E-9
704.4574393480108	3.551316651965485E-9
704.677951401791	3.5539234385099587E-9
704.8984257433095	3.553683650875076E-9
705.1188623617203	3.5470626950271155E-9
705.3392612461773	3.563173358968143E-9
705.5596223858346	3.577605484216747E-9
705.7799457698461	3.5792871837891798E-9
706.0002313873658	3.5821193448937237E-9
706.2204792275481	3.5723964670860627E-9
706.4406892795465	3.598770291406275E-9
706.6608615325155	3.6088806655248726E-9
706.8809959756087	3.5714381755059757E-9
707.1010925979803	3.5757554472908134E-9
707.3211513887843	3.566686394579982E-9
707.5411723371747	3.6034766865713223E-9
707.7611554323055	3.5658565980735974E-9
707.9811006633308	3.575266235896536E-9
708.2010080194046	3.591078340582156E-9
708.420877489681	3.564940860024883E-9
708.6407090633137	3.5644265329403867E-9
708.860502729457	3.58609211102616E-9
709.0802584772648	3.566711647574837E-9
709.2999762958912	3.579764080752938E-9
709.5196561744901	3.5775371639696396E-9
709.7392981022156	3.570239438461802E-9
709.9589020682218	3.5788222656056657E-9
710.1784680616626	3.595257155958558E-9
710.397996071692	3.5973518603694646E-9
710.6174860874638	3.5931079407592903E-9
710.8369380981326	3.597618279946034E-9
711.056352092852	3.5921751588863835E-9
711.275728060776	3.6051508359371115E-9
711.4950659910589	3.6153989254051624E-9
711.7143658728544	3.5924818331782964E-9
711.9336276953167	3.6009460883858904E-9
712.1528514475997	3.623250257344444E-9
712.3720371188575	3.6036206287506385E-9
712.5911846982442	3.5998862312496987E-9
712.8102941749137	3.6070002597217865E-9
713.02936553802	3.6206253227365645E-9
713.2483987767171	3.6073934492687717E-9
713.4673938801591	3.6188571316657853E-9
713.6863508374998	3.593888071127728E-9
713.9052696378936	3.60631794115398E-9
714.1241502704944	3.614620894006255E-9
714.342992724456	3.6033237577108547E-9
714.5617969889327	3.5906470595178976E-9
714.7805630530783	3.5922857651785724E-9
714.9992909060468	3.608313131606995E-9
715.2179805369923	3.6053740540831773E-9
715.4366319350688	3.6040580421174736E-9
715.6552450894304	3.619997247985634E-9
715.873819989231	3.6150603507373383E-9
716.0923566236248	3.633406688135031E-9
716.3108549817656	3.6255244508479378E-9
716.5293150528074	3.620578807873275E-9
716.7477368259044	3.6149515773692826E-9
716.9661202902105	3.6222742138681522E-9
717.1844654348798	3.6171400544376803E-9
717.4027722490662	3.6297480785690792E-9
717.6210407219239	3.6461231318293553E-9
717.8392708426068	3.636941744464417E-9
718.0574626002688	3.6426675513982763E-9
718.275615984064	3.656959344179176E-9
718.4937309831465	3.6434760140691456E-9
718.7118075866704	3.6348308606122705E-9
718.9298457837895	3.62855530469624E-9
719.1478455636578	3.641920091889919E-9
719.3658069154295	3.6329510160547037E-9
719.5837298282585	3.633143976019191E-9
719.8016142912987	3.6374796923159963E-9
720.0194602937045	3.6398466935387944E-9
720.2372678246297	3.658685669035627E-9
720.4550368732282	3.6378976453152883E-9
720.6727674286541	3.6496861624163334E-9
720.8904594800615	3.6365825908540173E-9
721.1081130166042	3.6478493604377804E-9
721.3257280274365	3.6583175560130665E-9
721.5433045017121	3.6560799838803547E-9
721.7608424285855	3.6756695480336174E-9
721.9783417972103	3.667503563682007E-9
722.1958025967406	3.6731196027275475E-9
722.4132248163304	3.6679488859800186E-9
722.6306084451337	3.6803077357323857E-9
722.8479534723047	3.665914542285723E-9
723.0652598869974	3.675683298270531E-9
723.2825276783655	3.673343516728152E-9
723.4997568355634	3.6623417125573488E-9
723.7169473477448	3.6826183392161292E-9
723.9340992040638	3.664598084233195E-9
724.1512123936748	3.693757779453979E-9
724.3682869057312	3.6908128163948005E-9
724.5853227293875	3.6752813720135336E-9
724.8023198537975	3.681337604042363E-9
725.0192782681152	3.6911621013199997E-9
725.2361979614946	3.7021633179779275E-9
725.4530789230898	3.7015530216544337E-9
725.6699211420549	3.7141641078258156E-9
725.8867246075437	3.7044611642750713E-9
726.1034893087104	3.7069805039723894E-9
726.3202152347088	3.6949939305559975E-9
726.5369023746933	3.728294217230661E-9
726.7535507178176	3.7230466314811566E-9
726.9701602532357	3.725417321170394E-9
727.1867309701017	3.7219027447189363E-9
727.4032628575698	3.742918198925829E-9
727.6197559047938	3.725836553961484E-9
727.8362101009277	3.715759276755555E-9
728.0526254351256	3.725389492581553E-9
728.2690018965415	3.732682925005357E-9
728.4853394743294	3.7384803387548785E-9
728.7016381576433	3.738741642974004E-9
728.9178979356373	3.751324384428703E-9
729.1341187974652	3.732020200758689E-9
729.3503007322814	3.728780066768951E-9
729.5664437292396	3.74083715224715E-9
729.782547777494	3.746900857138399E-9
729.9986128661984	3.723007769358144E-9
730.2146389845069	3.7495368719118665E-9
730.4306261215737	3.762171754481017E-9
730.6465742665528	3.757198346975289E-9
730.8624834085979	3.752818124059245E-9
731.0783535368632	3.771518397922165E-9
731.2941846405027	3.762041471055418E-9
731.5099767086705	3.787572741990827E-9
731.7257297305206	3.779465110718668E-9
731.9414436952069	3.78591729022183E-9
732.1571185918837	3.784578864399091E-9
732.3727544097046	3.786076026538536E-9
732.5883511378239	3.788806705974221E-9
732.8039087653955	3.804473144608272E-9
733.0194272815735	3.801709949929344E-9
733.2349066755118	3.8091300062504295E-9
733.4503469363646	3.820251087936221E-9
733.6657480532858	3.825271626449573E-9
733.8811100154295	3.7965240954154355E-9
734.0964328119494	3.816197474523509E-9
734.3117164319999	3.7962548881227E-9
734.526960864735	3.799385678861901E-9
734.7421660993084	3.8089294776772964E-9
734.9573321248744	3.811111307415555E-9
735.1724589305869	3.813874228232004E-9
735.3875465056	3.823817021895638E-9
735.6025948390676	3.828858257013982E-9
735.8176039201437	3.819728553978011E-9
736.0325737379826	3.837620288624656E-9
736.2475042817379	3.8045995544006775E-9
736.462395540564	3.8202824925348525E-9
736.6772475036146	3.849655100464481E-9
736.8920601600441	3.8601316506904254E-9
737.106833499006	3.855744206822813E-9
737.3215675096546	3.8570766435781095E-9
737.536262181144	3.870764809126323E-9
737.7509175026281	3.911398263130697E-9
737.9655334632611	3.892170183758258E-9
738.1801100521967	3.908321001250275E-9
738.3946472585892	3.920220020367632E-9
738.6091450715924	3.930635452130072E-9
738.8236034803604	3.904273181068037E-9
739.0380224740471	3.91436569712329E-9
739.2524020418067	3.904441317494874E-9
739.4667421727934	3.924557562392429E-9
739.6810428561607	3.914505683507927E-9
739.895304081063	3.9265062882170644E-9
740.1095258366544	3.92092835111791E-9
740.3237081120884	3.9191600658974816E-9
740.5378508965194	3.911795511635178E-9
740.7519541791015	3.910414305047024E-9
740.9660179489885	3.931376162242034E-9
741.1800421953345	3.918433770248759E-9
741.3940269072937	3.9385226716036165E-9
741.6079720740196	3.931003458076205E-9
741.8218776846666	3.9261694704322935E-9
742.0357437283888	3.938721224467643E-9
742.24957019434	3.931584929471443E-9
742.4633570716744	3.940483635457923E-9
742.6771043495457	3.939417414428204E-9
742.8908120171083	3.965040928118479E-9
743.1044800635159	3.969559819636405E-9
743.3181084779228	3.989198493820717E-9
743.5316972494827	3.97782445623593E-9
743.7452463673499	3.992203909736356E-9
743.9587558206783	4.002202573236605E-9
744.1722255986222	3.993944357590916E-9
744.3856556903349	4.007056733924969E-9
744.5990460849711	4.007285877215603E-9
744.8123967716843	4.025098056104318E-9
745.0257077396291	4.017206804342285E-9
745.238978977959	4.026696135243005E-9
745.4522104758285	4.038509495946335E-9
745.6654022223911	4.0475071335706645E-9
745.8785542068011	4.044907292239207E-9
746.0916664182124	4.047624341385186E-9
746.3047388457792	4.043276087986862E-9
746.5177714786553	4.052329912705541E-9
746.730764305995	4.051615610298009E-9
746.9437173169521	4.0401367337422364E-9
747.1566305006806	4.062340434544927E-9
747.3695038463346	4.05222684245091E-9
747.582337343068	4.070036182958963E-9
747.795130980035	4.0901513876564536E-9
748.0078847463894	4.082536204416009E-9
748.2205986312856	4.090285871989961E-9
748.4332726238772	4.101771471071456E-9
748.6459067133184	4.085579428421991E-9
748.8585008887632	4.122425906330053E-9
749.0710551393655	4.1260877171308235E-9
749.2835694542794	4.1398405399539E-9
749.496043822659	4.117970612470008E-9
749.7084782336584	4.147831833991779E-9
749.9208726764313	4.142677770011749E-9
750.1332271401319	4.144013834048293E-9
750.3455416139143	4.1509223606500955E-9
750.5578160869323	4.132695220441827E-9
750.77005054834	4.1395554616998005E-9
750.9822449872917	4.129087327093618E-9
751.194399392941	4.1663602138262145E-9
751.4065137544421	4.147191266456388E-9
751.6185880609492	4.149372051106612E-9
751.8306223016159	4.159696606196109E-9
752.0426164655964	4.1352279949779054E-9
752.2545705420448	4.160083858829638E-9
752.466484520115	4.168191381424943E-9
752.6783583889614	4.167378148774309E-9
752.8901921377374	4.172014458574981E-9
753.1019857555975	4.155463163773803E-9
753.3137392316955	4.163272288778722E-9
753.5254525551853	4.176222213689604E-9
753.7371257152213	4.1794362149219485E-9
753.9487587009571	4.170823134777588E-9
754.1603515015471	4.188097186887717E-9
754.3719041061448	4.194800277478044E-9
754.5834165039049	4.184624149061799E-9
754.794888683981	4.2290248645293355E-9
755.006320635527	4.2179928725980295E-9
755.2177123476971	4.225333124621601E-9
755.4290638096452	4.226182881402243E-9
755.6403750105258	4.227786620774724E-9
755.8516459394922	4.240212362164615E-9
756.062876585699	4.251244547050604E-9
756.2740669382997	4.234087902416902E-9
756.4852169864488	4.243289463296628E-9
756.6963267193	4.242666536695519E-9
756.9073961260073	4.2705883547888415E-9
757.1184251957251	4.248271952111253E-9
757.3294139176071	4.301117412383297E-9
757.5403622808074	4.2724707843917575E-9
757.7512702744798	4.273174159939805E-9
757.9621378877786	4.259523639435503E-9
758.1729651098576	4.280142697532569E-9
758.3837519298711	4.275340455634122E-9
758.5944983369728	4.276709502154076E-9
758.8052043203171	4.274392201695057E-9
759.0158698690577	4.288191898271339E-9
759.2264949723486	4.3004181218653736E-9
759.4370796193439	4.277341623013878E-9
759.6476237991977	4.294568412772938E-9
759.858127501064	4.306275994113791E-9
760.0685907140968	4.30865261596444E-9
760.2790134274501	4.300387221470945E-9
760.4893956302777	4.319822559942675E-9
760.699737311734	4.311335111549711E-9
760.9100384609727	4.310228266312185E-9
761.120299067148	4.3202995612397545E-9
761.330519119414	4.317006916637257E-9
761.5406986069245	4.3167495212065165E-9
761.7508375188336	4.362002069463286E-9
761.9609358442952	4.355176709196066E-9
762.1709935724637	4.335941757010228E-9
762.3810106924926	4.369688137580434E-9
762.5909871935362	4.382524843640668E-9
762.8009230647486	4.380776692013934E-9
763.0108182952837	4.38623816702156E-9
763.2206728742956	4.379763559385969E-9
763.430486790938	4.418312603934757E-9
763.6402600343653	4.4026460975376945E-9
763.8499925937311	4.400585918915079E-9
764.0596844581898	4.4192857998427164E-9
764.2693356168957	4.419179856323861E-9
764.478946059002	4.425935545021444E-9
764.6885157736633	4.425636710898859E-9
764.8980447500334	4.418746885992448E-9
765.1075329772664	4.415474812163333E-9
765.3169804445162	4.444753428130627E-9
765.5263871409369	4.425394431748859E-9
765.7357530556826	4.434746145159556E-9
765.9450781779072	4.426375307906992E-9
766.1543624967649	4.4267686906279845E-9
766.3636060014094	4.445259287609432E-9
766.5728086809949	4.46022205552128E-9
766.7819705246753	4.4495574882814106E-9
766.9910915216049	4.453293624476069E-9
767.2001716609375	4.464701305170296E-9
767.409210931827	4.4700934237742905E-9
767.6182093234278	4.484232971277625E-9
767.8271668248935	4.4756488969824646E-9
768.0360834253784	4.519738057032029E-9
768.2449591140363	4.507555188252176E-9
768.4537938800213	4.504157443890146E-9
768.6625877124877	4.512192872735177E-9
768.8713406005891	4.541180168765034E-9
769.0800525334798	4.553955566319422E-9
769.2887235003136	4.5506446065206116E-9
769.4973534902446	4.550928785495319E-9
769.7059424924269	4.548468050024882E-9
769.9144904960142	4.564755946254063E-9
770.1229974901611	4.5543075521174056E-9
770.3314634640212	4.559780389425686E-9
770.5398884067486	4.579833849601901E-9
770.7482723074972	4.579318057801564E-9
770.9566151554212	4.624784125445945E-9
771.1649169396745	4.610937063975251E-9
771.3731776494112	4.61561500875565E-9
771.5813972737855	4.643411063883406E-9
771.789575801951	4.636961814975034E-9
771.9977132230619	4.6220738010176384E-9
772.2058095262721	4.624704064639354E-9
772.4138647007359	4.647632487002041E-9
772.6218787356071	4.663748542495476E-9
772.8298516200399	4.654278437486098E-9
773.0377833431882	4.647590451919802E-9
773.245673894206	4.6613087273469735E-9
773.4535232622471	4.677270465799821E-9
773.661331436466	4.68248070364684E-9
773.8690984060164	4.6666116274902764E-9
774.0768241600523	4.705193156846928E-9
774.2845086877279	4.718069733377438E-9
774.4921519781972	4.707953568217973E-9
774.699754020614	4.7085758110049786E-9
774.9073148041324	4.756215536534588E-9
775.1148343179065	4.720743677503168E-9
775.3223125510904	4.770320530622039E-9
775.5297494928378	4.7505775222564565E-9
775.7371451323031	4.778388941025293E-9
775.9444994586399	4.777224053857126E-9
776.1518124610028	4.771643530259683E-9
776.3590841285452	4.789607869590965E-9
776.5663144504215	4.781828032055912E-9
776.7735034157855	4.790740269497239E-9
776.9806510137913	4.805169534484245E-9
777.1877572335931	4.81779138508997E-9
777.3948220643446	4.809177180194538E-9
777.6018454952	4.802149422626984E-9
777.8088275153133	4.825991730346574E-9
778.0157681138384	4.8316493858323E-9
778.2226672799295	4.822769080730019E-9
778.4295250027404	4.8377268251482285E-9
778.6363412714254	4.83300375623672E-9
778.8431160751384	4.866068921599671E-9
779.0498494030334	4.862544407772719E-9
779.2565412442642	4.873968358386271E-9
779.4631915879851	4.876586497277143E-9
779.66980042335	4.89104674993095E-9
779.876367739513	4.8904566612682905E-9
780.0828935256282	4.892107716610095E-9
780.2893777708491	4.927465008353741E-9
780.4958204643304	4.909238104084795E-9
780.7022215952259	4.9426188800034125E-9
780.9085811526893	4.950051530165943E-9
781.1148991258748	4.957825306475132E-9
781.3211755039365	4.985254464379874E-9
781.5274102760286	4.9762824576886265E-9
781.7336034313048	5.006780321921472E-9
781.9397549589191	5.007302956487423E-9
782.1458648480258	4.995240997538836E-9
782.3519330877784	5.0294018854232584E-9
782.5579596673316	5.033172174652862E-9
782.763944575839	5.015268421371051E-9
782.9698878024547	5.02618594308618E-9
783.1757893363327	5.043796533643519E-9
783.381649166627	5.07211386539264E-9
783.5874672824916	5.039347212283593E-9
783.7932436730806	5.054404035421967E-9
783.998978327548	5.058163069218875E-9
784.2046712350477	5.095423567517192E-9
784.410322384734	5.051841379257214E-9
784.6159317657608	5.091269553394257E-9
784.8214993672817	5.0711349131683096E-9
785.0270251784513	5.078078903222784E-9
785.2325091884233	5.085261427541966E-9
785.4379513863518	5.095553699767153E-9
785.6433517613909	5.106452240207204E-9
785.8487103026944	5.129799774813638E-9
786.0540269994165	5.12974744353199E-9
786.2593018407111	5.112202664540809E-9
786.4645348157323	5.140223844470033E-9
786.6697259136341	5.146459494904121E-9
786.8748751235705	5.164323387264487E-9
787.0799824346957	5.182768040090387E-9
787.2850478361634	5.191209620709373E-9
787.4900713171277	5.19146070314936E-9
787.6950528667428	5.190045861879321E-9
787.8999924741624	5.2172371913480754E-9
788.1048901285409	5.221665996122835E-9
788.309745819032	5.254854878206899E-9
788.51455953479	5.261391664293117E-9
788.7193312649686	5.269766854615448E-9
788.9240609987221	5.261314235016491E-9
789.1287487252044	5.24659393591907E-9
789.3333944335694	5.2648706516985646E-9
789.5379981129713	5.2718846847047344E-9
789.7425597525639	5.293380451390919E-9
789.9470793415015	5.287413154702251E-9
790.1515568689381	5.309624911413439E-9
790.3559923240274	5.320312663908964E-9
790.5603856959236	5.3241898696871736E-9
790.7647369737808	5.309968634732102E-9
790.9690461467529	5.332937177503487E-9
791.1733132039939	5.3598554478286144E-9
791.377538134658	5.361992397980459E-9
791.5817209278991	5.3263747850680586E-9
791.7858615728712	5.334827943454802E-9
791.9899600587282	5.366365069335161E-9
792.1940163746243	5.385544649241051E-9
792.3980305097135	5.360791495061248E-9
792.6020024531498	5.368810636617896E-9
792.8059321940872	5.377096693323685E-9
793.0098197216797	5.400249412989596E-9
793.2136650250812	5.3816851993334616E-9
793.417468093446	5.389225890663817E-9
793.6212289159279	5.4021172441243635E-9
793.8249474816809	5.4025617126128456E-9
794.0286237798591	5.4056743363177694E-9
794.2322577996166	5.446765911332548E-9
794.4358495301074	5.459620825862588E-9
794.6393989604852	5.430227642646135E-9
794.8429060799044	5.46642616223953E-9
795.0463708775188	5.495583570061412E-9
795.2497933424826	5.456083501187724E-9
795.4531734639496	5.494407316628274E-9
795.656511231074	5.502417765967117E-9
795.8598066330098	5.504907995325877E-9
796.0630596589109	5.5100303415844315E-9
796.2662702979313	5.515022822241582E-9
796.469438539225	5.545121858616771E-9
796.6725643719464	5.528856106531459E-9
796.875647785249	5.523784876407852E-9
797.0786887682872	5.579594763213669E-9
797.2816873102148	5.540810348266927E-9
797.4846434001859	5.5514169281678136E-9
797.6875570273544	5.592770835213625E-9
797.8904281808743	5.6257928944143855E-9
798.0932568498998	5.5711643045862576E-9
798.2960430235851	5.629982234016684E-9
798.4987866910838	5.603269465347188E-9
798.70148784155	5.629356517034232E-9
798.9041464641379	5.680246138668857E-9
799.1067625480013	5.625842374920053E-9
799.3093360822943	5.646030292425021E-9
799.5118670561709	5.626693127849934E-9
799.7143554587853	5.663295410308553E-9
799.9168012792913	5.656790814015467E-9
800.1192045068432	5.640972265511585E-9
800.3215651305944	5.651494464308843E-9
800.5238831396996	5.659282861891423E-9
800.7261585233125	5.6679154594162694E-9
800.9283912705871	5.687836876792394E-9
801.1305813706776	5.669264547977292E-9
801.3327288127377	5.679851287719973E-9
801.5348335859219	5.719760566749444E-9
801.7368956793837	5.711347775444052E-9
801.9389150822773	5.703660663236826E-9
802.1408917837567	5.745133255601623E-9
802.3428257729761	5.74656085343291E-9
802.5447170390894	5.7176000100238146E-9
802.7465655712506	5.760796348281465E-9
802.9483713586137	5.772079044460128E-9
803.1501343903328	5.7539419057699085E-9
803.3518546555617	5.765757723389129E-9
803.5535321434547	5.788383638479319E-9
803.7551668431656	5.806970665170567E-9
803.9567587438487	5.797252575815138E-9
804.1583078346576	5.809063970080499E-9
804.3598141047468	5.80207934452866E-9
804.5612775432699	5.8560944293904815E-9
804.762698139381	5.83332822768903E-9
804.964075882234	5.859197674891095E-9
805.1654107609835	5.860155672426947E-9
805.3667027647829	5.872612098718571E-9
805.5679518827866	5.880664927950687E-9
805.7691581041485	5.8727397488624294E-9
805.9703214180222	5.917128310561826E-9
806.1714418135624	5.908345785950617E-9
806.3725192799227	5.917215182303131E-9
806.5735538062571	5.9423715066385575E-9
806.7745453817198	5.903695164453668E-9
806.9754939954652	5.912984017958742E-9
807.1763996366465	5.90287014269651E-9
807.377262294418	5.9557787520777035E-9
807.5780819579338	5.943241985751846E-9
807.778858616348	5.919067152196411E-9
807.9795922588145	5.958690182512089E-9
808.1802828744876	5.92808525355262E-9
808.3809304525208	5.973734289459074E-9
808.5815349820684	5.955817107720979E-9
808.7820964522845	5.982561795222293E-9
808.982614852323	5.990801355213826E-9
809.1830901713379	5.996296197174088E-9
809.3835223984831	5.992291793726007E-9
809.5839115229131	5.990584862496863E-9
809.7842575337814	6.011268105892852E-9
809.9845604202422	5.995882947548587E-9
810.1848201714496	5.98973286046833E-9
810.3850367765574	6.03710836757359E-9
810.5852102247198	6.019736714224426E-9
810.7853405050909	6.052085326016189E-9
810.9854276068246	6.0710937801339005E-9
811.1854715190748	6.034415503396734E-9
811.3854722309954	6.055172803625511E-9
811.585429731741	6.050589366091001E-9
811.785344010465	6.108792154985701E-9
811.9852150563217	6.06729309484092E-9
812.1850428584652	6.072692171195226E-9
812.3848274060496	6.1193174528348E-9
812.5845686882283	6.0921574509509274E-9
812.7842666941559	6.111818969070881E-9
812.9839214129863	6.0981184958176565E-9
813.1835328338734	6.111141397894233E-9
813.3831009459713	6.11214583903345E-9
813.5826257384339	6.112514025458214E-9
813.7821072004156	6.151616130733833E-9
813.98154532107	6.1434852627973774E-9
814.1809400895512	6.190414601280498E-9
814.3802914950132	6.168762408177053E-9
814.5795995266102	6.165728910247861E-9
814.778864173496	6.241192620093097E-9
814.9780854248248	6.279020557666363E-9
815.1772632697507	6.242191032670807E-9
815.3763976974274	6.244831023191304E-9
815.575488697009	6.237250297355421E-9
815.7745362576495	6.239058577381996E-9
815.9735403685032	6.2449845389000574E-9
816.1725010187238	6.239047481414079E-9
816.3714181974653	6.2571865525138715E-9
816.5702918938824	6.254030182511056E-9
816.7691220971282	6.288735253726569E-9
816.967908796357	6.228662071002925E-9
817.1666519807229	6.233401808523033E-9
817.3653516393799	6.259241049577434E-9
817.5640077614822	6.2335296690224736E-9
817.7626203361835	6.264979338448405E-9
817.9611893526384	6.246131939104584E-9
818.1597148000001	6.279516415165388E-9
818.3581966674229	6.286802439046863E-9
818.556634944061	6.3641712806776275E-9
818.7550296190684	6.3245870769951405E-9
818.953380681599	6.360463971138426E-9
819.1516881208071	6.345778185814821E-9
819.3499519258462	6.409432746808395E-9
819.5481720858706	6.432438639308169E-9
819.7463485900345	6.395639022711094E-9
819.9444814274915	6.393493813038193E-9
820.142570587396	6.444902128338002E-9
820.3406160589019	6.453728886685628E-9
820.5386178311633	6.447679086410616E-9
820.7365758933339	6.4695017730338874E-9
820.9344902345679	6.48597452458953E-9
821.1323608440193	6.4583992647370545E-9
821.3301877108422	6.455314073917794E-9
821.5279708241906	6.4534561312281664E-9
821.7257101732184	6.494535186061359E-9
821.92340574708	6.435276840138409E-9
822.1210575349289	6.449980036830854E-9
822.3186655259192	6.446901052993598E-9
822.5162297092052	6.456044056756254E-9
822.7137500739407	6.489496162132415E-9
822.9112266092798	6.540996554098251E-9
823.1086593043765	6.5315397788015115E-9
823.3060481483849	6.5718864243104836E-9
823.5033931304589	6.546310404003521E-9
823.7006942397525	6.616583316286153E-9
823.8979514654196	6.6349911676533495E-9
824.0951647966147	6.590314772091595E-9
824.2923342224913	6.628198049772168E-9
824.4894597322036	6.675070624672506E-9
824.6865413149059	6.596192322472235E-9
824.8835789597516	6.63761411563517E-9
825.0805726558953	6.620703845251832E-9
825.2775223924907	6.640571950414043E-9
825.4744281586918	6.609919621640578E-9
825.6712899436527	6.642049556071317E-9
825.8681077365276	6.614868096788361E-9
826.0648815264705	6.622928104307797E-9
826.261611302635	6.6923753434589644E-9
826.4582970541754	6.653671020105004E-9
826.6549387702456	6.728072915565758E-9
826.8515364399999	6.715596713767564E-9
827.048090052592	6.7644995210529756E-9
827.2445995971761	6.7602656283986756E-9
827.4410650629063	6.7780115744004234E-9
827.6374864389363	6.761338884084566E-9
827.8338637144204	6.7975312861489245E-9
828.0301968785125	6.81506363195465E-9
828.2264859203665	6.757797138902488E-9
828.4227308291366	6.77856994754079E-9
828.6189315939768	6.764005288994255E-9
828.8150882040413	6.801723493631296E-9
829.0112006484836	6.86076166145616E-9
829.207268916458	6.849737085147266E-9
829.4032929971187	6.810247666948412E-9
829.5992728796195	6.767793743116094E-9
829.7952085531144	6.7238132147496175E-9
829.9911000067575	6.713822689027631E-9
830.1869472297029	7.712343539644916E-9
830.3827502111045	8.852946558833075E-9

