397.069	0
397.451	0
397.833	0
398.215	0
398.597	1.79884941524081E-7
398.978	1.80280771617459E-7
399.36	1.7817030719831E-7
399.742	1.75099746415293E-7
400.123	1.72943521412454E-7
400.505	1.71272682065574E-7
400.886	1.70825312094728E-7
401.268	1.68155114573725E-7
401.649	1.68098052219135E-7
402.031	1.66823386900224E-7
402.412	1.64421150303388E-7
402.793	1.65058451360866E-7
403.175	1.60903534269448E-7
403.556	1.60791855974265E-7
403.937	1.59972778673728E-7
404.318	1.59837335509822E-7
404.699	1.5738006619136E-7
405.081	1.56446906936108E-7
405.462	1.54701692186988E-7
405.843	1.53448167841272E-7
406.223	1.52804499577423E-7
406.604	1.52269323841507E-7
406.985	1.50078762523475E-7
407.366	1.47559573373425E-7
407.747	1.48473777873885E-7
408.128	1.46696528432721E-7
408.508	1.45159372312409E-7
408.889	1.4493187370516E-7
409.27	1.43457674521472E-7
409.65	1.42391556354817E-7
410.031	1.41306058704545E-7
410.411	1.39918882913541E-7
410.792	1.37801251358073E-7
411.172	1.37766128903791E-7
411.553	1.36392073724893E-7
411.933	1.34985282644712E-7
412.313	1.34272526857856E-7
412.693	1.3377169309512E-7
413.074	1.32362978001302E-7
413.454	1.30701295529442E-7
413.834	1.30714553537547E-7
414.214	1.29365860730802E-7
414.594	1.27760933986926E-7
414.974	1.27349551644807E-7
415.354	1.26244021380586E-7
415.734	1.2525981602154E-7
416.114	1.2411928542376E-7
416.494	1.2285458709212E-7
416.873	1.21750113690349E-7
417.253	1.22018886259203E-7
417.633	1.20153667916878E-7
418.013	1.19899756953035E-7
418.392	1.18482635051948E-7
418.772	1.17785006185106E-7
419.151	1.16584933337249E-7
419.531	1.15714629491583E-7
419.91	1.15011145036253E-7
420.29	1.14744065280918E-7
420.669	1.13626798313473E-7
421.048	1.13330242506293E-7
421.428	1.12649406116855E-7
421.807	1.11811517954697E-7
422.186	1.11925020788952E-7
422.565	1.10896389789222E-7
422.944	1.10741213255866E-7
423.324	1.09878020970975E-7
423.703	1.09470724338344E-7
424.082	1.08597160944223E-7
424.461	1.07946462282648E-7
424.839	1.07308159025082E-7
425.218	1.07118208177263E-7
425.597	1.06590814930421E-7
425.976	1.05905164498802E-7
426.355	1.05376580589444E-7
426.733	1.05467110100483E-7
427.112	1.04847560888248E-7
427.491	1.03578312633106E-7
427.869	1.03682641616192E-7
428.248	1.02175729202145E-7
428.626	1.02634270847117E-7
429.005	1.01563514698289E-7
429.383	1.01722267239045E-7
429.762	1.00321056656869E-7
430.14	9.98207890057843E-8
430.518	9.97421079958458E-8
430.897	9.92917450343278E-8
431.275	9.83940124134852E-8
431.653	9.80238682857914E-8
432.031	9.78919963901274E-8
432.409	9.72309099246924E-8
432.787	9.66532516395056E-8
433.165	9.60906356494042E-8
433.543	9.5388099940459E-8
433.921	9.55248477462256E-8
434.299	9.4634995468157E-8
434.677	9.43090893390647E-8
435.055	9.3093388969661E-8
435.432	9.29880930116183E-8
435.81	9.28387873903237E-8
436.188	9.22898864338517E-8
436.565	9.21869794267311E-8
436.943	9.17074879255305E-8
437.32	9.1387777311735E-8
437.698	9.04375138685872E-8
438.075	9.02500505274633E-8
438.453	8.99636259647551E-8
438.83	8.93567862642923E-8
439.207	8.91480423849332E-8
439.585	8.83506772481231E-8
439.962	8.78699161177629E-8
440.339	8.78348513531806E-8
440.716	8.76151805661256E-8
441.093	8.7092281190347E-8
441.47	8.71022029898255E-8
441.848	8.67904337569976E-8
442.225	8.63897993554854E-8
442.601	8.64104466421476E-8
442.978	8.58757186012458E-8
443.355	8.58721461197137E-8
443.732	8.55831782935536E-8
444.109	8.50583669482274E-8
444.486	8.45104198806468E-8
444.862	8.46061583834089E-8
445.239	8.42662722685125E-8
445.616	8.36376523082289E-8
445.992	8.34679874127138E-8
446.369	8.32283515608059E-8
446.745	8.31961996975974E-8
447.122	8.21945868285447E-8
447.498	8.22239232168802E-8
447.874	8.23908353571841E-8
448.251	8.19727923539422E-8
448.627	8.14148464520357E-8
449.003	8.11991256865722E-8
449.379	8.12033593362187E-8
449.755	8.13177167057593E-8
450.132	8.09472479314958E-8
450.508	8.08726234844973E-8
450.884	8.0398790765984E-8
451.26	8.00372478988456E-8
451.635	8.01054440240822E-8
452.011	7.99214566545233E-8
452.387	7.97260674991059E-8
452.763	7.929658202421E-8
453.139	7.92971775262016E-8
453.515	7.89890423865965E-8
453.89	7.90583623648118E-8
454.266	7.88054654918026E-8
454.641	7.87241731115014E-8
455.017	7.82995621071529E-8
455.392	7.83500699476414E-8
455.768	7.80451733273814E-8
456.143	7.80336575085306E-8
456.519	7.76911442062135E-8
456.894	7.76579492687759E-8
457.269	7.74243632386873E-8
457.645	7.73315845888127E-8
458.02	7.70311293615948E-8
458.395	7.6928783978765E-8
458.77	7.65318417509735E-8
459.145	7.65281037363704E-8
459.52	7.64583591941938E-8
459.895	7.63804351586861E-8
460.27	7.61616044842363E-8
460.645	7.59651795837099E-8
461.02	7.62105983432991E-8
461.395	7.62717488250379E-8
461.77	7.56669729695832E-8
462.144	7.61231740540868E-8
462.519	7.60857786767354E-8
462.894	7.56644684135057E-8
463.268	7.57611383777667E-8
463.643	7.5175308108529E-8
464.017	7.55161891070055E-8
464.392	7.5365056628051E-8
464.766	7.54418508129878E-8
465.141	7.51391310519151E-8
465.515	7.49055743430005E-8
465.889	7.51256928887816E-8
466.264	7.49137179482144E-8
466.638	7.44852549081088E-8
467.012	7.45182199730671E-8
467.386	7.44063349400234E-8
467.76	7.40639638221693E-8
468.134	7.41747934797866E-8
468.508	7.36917947909554E-8
468.882	7.40106797358953E-8
469.256	7.36265485559909E-8
469.63	7.34570315587766E-8
470.004	7.35147092376514E-8
470.378	7.30346360077341E-8
470.751	7.30919842322188E-8
471.125	7.28607602966942E-8
471.499	7.26927359286594E-8
471.872	7.24557049477351E-8
472.246	7.23282008512239E-8
472.62	7.19622804737428E-8
472.993	7.19223501136242E-8
473.367	7.16531970931474E-8
473.74	7.14162792990605E-8
474.113	7.14551153729742E-8
474.487	7.11845004791468E-8
474.86	7.10060484600476E-8
475.233	7.08567709371148E-8
475.606	7.0675335624362E-8
475.979	7.04699565036053E-8
476.353	7.0260248851459E-8
476.726	7.0106129846693E-8
477.099	6.992401085069E-8
477.472	6.97504375325852E-8
477.845	6.92209653964075E-8
478.217	6.92300511475538E-8
478.59	6.90796176289371E-8
478.963	6.87921268674633E-8
479.336	6.87459642445292E-8
479.709	6.84864395931721E-8
480.081	6.84229078545139E-8
480.454	6.83188008261145E-8
480.827	6.79591555933377E-8
481.199	6.80550835115964E-8
481.572	6.76016497786827E-8
481.944	6.74612548729296E-8
482.316	6.76605507824735E-8
482.689	6.75280495675193E-8
483.061	6.70665582708744E-8
483.433	6.71221679667194E-8
483.806	6.69129228295818E-8
484.178	6.68153063421273E-8
484.55	6.66497076283733E-8
484.922	6.64827634890697E-8
485.294	6.63129798368491E-8
485.666	6.62568910076902E-8
486.038	6.60603936852352E-8
486.41	6.59412046520592E-8
486.782	6.58644492290219E-8
487.154	6.58941300524541E-8
487.526	6.5432737324816E-8
487.897	6.54768887492526E-8
488.269	6.52269033839301E-8
488.641	6.51779234263818E-8
489.013	6.48880722294574E-8
489.384	6.4878068340251E-8
489.756	6.46275583118375E-8
490.127	6.47584333763885E-8
490.499	6.43892227025398E-8
490.87	6.42870044222119E-8
491.241	6.44556228305309E-8
491.613	6.40522577864829E-8
491.984	6.40400541491686E-8
492.355	6.38009589337383E-8
492.726	6.38255281364088E-8
493.098	6.37847827171619E-8
493.469	6.34631279414043E-8
493.84	6.33314096931124E-8
494.211	6.33300502834482E-8
494.582	6.32182355570838E-8
494.953	6.29844513428612E-8
495.324	6.29753737322366E-8
495.694	6.29342795212975E-8
496.065	6.2787289378381E-8
496.436	6.26102643931076E-8
496.807	6.2327201888979E-8
497.177	6.23484244315103E-8
497.548	6.22387039419796E-8
497.919	6.19681371076037E-8
498.289	6.20242434014436E-8
498.66	6.17613265063683E-8
499.03	6.17852674440865E-8
499.401	6.16074682790326E-8
499.771	6.14798024919327E-8
500.141	6.14563164592464E-8
500.512	6.13607499370178E-8
500.882	6.12871193653475E-8
501.252	6.11762767285591E-8
501.622	6.11578819206686E-8
501.992	6.10550466433213E-8
502.362	6.10444599090736E-8
502.732	6.10355174193874E-8
503.102	6.09075878305281E-8
503.472	6.0812840457766E-8
503.842	6.06973474124378E-8
504.212	6.0674338092765E-8
504.582	6.05615448827796E-8
504.952	6.03524362526575E-8
505.321	6.03850927363305E-8
505.691	6.03343783591462E-8
506.061	6.01432843422952E-8
506.43	6.02225891629653E-8
506.8	6.00503166462966E-8
507.169	6.0153809218448E-8
507.539	5.98189859751229E-8
507.908	5.97311455826309E-8
508.277	5.99330101695504E-8
508.647	5.96663769587225E-8
509.016	5.97089487511587E-8
509.385	5.95195090516681E-8
509.754	5.96987495698412E-8
510.124	5.9382146658101E-8
510.493	5.93703808622378E-8
510.862	5.93152106839151E-8
511.231	5.92364831422743E-8
511.6	5.90881697534951E-8
511.969	5.8938911526266E-8
512.337	5.90614002993269E-8
512.706	5.90118865444858E-8
513.075	5.89999425832619E-8
513.444	5.89454376395133E-8
513.813	5.87371390678122E-8
514.181	5.8879650808484E-8
514.55	5.86489691718921E-8
514.918	5.88400353649123E-8
515.287	5.8556082979225E-8
515.655	5.86694899929199E-8
516.024	5.8552879362734E-8
516.392	5.85529746351359E-8
516.761	5.82962082648717E-8
517.129	5.83475709386224E-8
517.497	5.81537300614824E-8
517.865	5.82238619401195E-8
518.234	5.80711969178459E-8
518.602	5.80513698260199E-8
518.97	5.79389720129361E-8
519.338	5.78919948475674E-8
519.706	5.78581293157461E-8
520.074	5.76969131132063E-8
520.442	5.74269081747831E-8
520.809	5.76025479227367E-8
521.177	5.75095945802894E-8
521.545	5.73815342159594E-8
521.913	5.7222843897335E-8
522.28	5.72563664749325E-8
522.648	5.72333446441526E-8
523.016	5.69740399498986E-8
523.383	5.707962088552E-8
523.751	5.68631710058006E-8
524.118	5.69646264085588E-8
524.486	5.68412935342359E-8
524.853	5.66813876824853E-8
525.22	5.67061792304304E-8
525.588	5.66547447221244E-8
525.955	5.64754080050395E-8
526.322	5.64468404266525E-8
526.689	5.64453099177353E-8
527.056	5.63222470507975E-8
527.423	5.62142193823715E-8
527.79	5.62475698272419E-8
528.157	5.61398510754944E-8
528.524	5.61061209255227E-8
528.891	5.60437134301055E-8
529.258	5.6037088604331E-8
529.625	5.59662729155305E-8
529.992	5.57808085057527E-8
530.358	5.57930445319507E-8
530.725	5.5691968689135E-8
531.092	5.54812590102942E-8
531.458	5.56394977454429E-8
531.825	5.54151549764697E-8
532.191	5.54516922860675E-8
532.558	5.53415904443609E-8
532.924	5.53205503976202E-8
533.29	5.52624485919819E-8
533.657	5.51042168876855E-8
534.023	5.50598560543278E-8
534.389	5.49239807982207E-8
534.755	5.49307530567437E-8
535.121	5.49116614068078E-8
535.487	5.48643849683099E-8
535.853	5.47036854035981E-8
536.219	5.47571785281497E-8
536.585	5.46656625195463E-8
536.951	5.45747682581544E-8
537.317	5.45700654996314E-8
537.683	5.45412316459624E-8
538.049	5.435192066037E-8
538.414	5.43800684564631E-8
538.78	5.42878327184538E-8
539.146	5.43254189230962E-8
539.511	5.43751049280475E-8
539.877	5.41709407768796E-8
540.242	5.42493191868287E-8
540.608	5.40011190240181E-8
540.973	5.41672615381149E-8
541.339	5.40052832882477E-8
541.704	5.391567108383E-8
542.069	5.3872075558241E-8
542.434	5.40449182670246E-8
542.8	5.3892488542085E-8
543.165	5.37684940026173E-8
543.53	5.387029883111E-8
543.895	5.37782394656812E-8
544.26	5.37829030848182E-8
544.625	5.3675400095433E-8
544.99	5.36343433222184E-8
545.355	5.36094011342137E-8
545.719	5.3615921469434E-8
546.084	5.36538811987182E-8
546.449	5.36467431114509E-8
546.814	5.35451787007157E-8
547.178	5.36536131719589E-8
547.543	5.3322420805067E-8
547.907	5.35145911760483E-8
548.272	5.3374360226741E-8
548.636	5.34640440266774E-8
549.001	5.34019340623958E-8
549.365	5.35082831934419E-8
549.73	5.33588208364103E-8
550.094	5.33311634759929E-8
550.458	5.33042377615962E-8
550.822	5.33013656333968E-8
551.186	5.33010434980305E-8
551.55	5.34894611091773E-8
551.915	5.33533871743603E-8
552.279	5.33865043284531E-8
552.643	5.31762020269819E-8
553.006	5.33778901664401E-8
553.37	5.33440556177025E-8
553.734	5.3357097635777E-8
554.098	5.34224676592892E-8
554.462	5.32735384027147E-8
554.825	5.33415485027851E-8
555.189	5.33908221974268E-8
555.553	5.33070294845821E-8
555.916	5.34895923000002E-8
556.28	5.33191383367721E-8
556.643	5.34669183651046E-8
557.007	5.33488355207172E-8
557.37	5.33396222223885E-8
557.733	5.35552842158623E-8
558.097	5.33469021178468E-8
558.46	5.33526789709977E-8
558.823	5.34446563181874E-8
559.186	5.34023152715693E-8
559.549	5.33973314278298E-8
559.912	5.3412969885259E-8
560.275	5.34875029752253E-8
560.638	5.34589537471722E-8
561.001	5.34877485223655E-8
561.364	5.34982960664438E-8
561.727	5.35728595743446E-8
562.09	5.3441040839217E-8
562.452	5.36103834957846E-8
562.815	5.36202799026767E-8
563.178	5.34252671758965E-8
563.54	5.36346423618865E-8
563.903	5.36432474447472E-8
564.266	5.34385177120987E-8
564.628	5.34722255843952E-8
564.99	5.36414146338158E-8
565.353	5.35120280757865E-8
565.715	5.36262753773473E-8
566.077	5.37170679922067E-8
566.44	5.36079372980136E-8
566.802	5.35785396416966E-8
567.164	5.36472517099978E-8
567.526	5.36209756808535E-8
567.888	5.36114940710291E-8
568.25	5.36278765089889E-8
568.612	5.37848334511025E-8
568.974	5.36623720506581E-8
569.336	5.37219595615459E-8
569.698	5.37725594094007E-8
570.06	5.36282366824771E-8
570.421	5.38132773617465E-8
570.783	5.38485396332789E-8
571.145	5.37902784424566E-8
571.506	5.38582278750569E-8
571.868	5.37753979011382E-8
572.229	5.38587601201578E-8
572.591	5.37318843999582E-8
572.952	5.40168797772633E-8
573.314	5.3738469126698E-8
573.675	5.38523054674E-8
574.036	5.38391735941849E-8
574.397	5.40155473510811E-8
574.759	5.38744610899697E-8
575.12	5.39380072360612E-8
575.481	5.39712560451221E-8
575.842	5.39054282412076E-8
576.203	5.40436363578619E-8
576.564	5.40300217663083E-8
576.925	5.40850663081809E-8
577.286	5.38902357237047E-8
577.646	5.4108322921295E-8
578.007	5.40723364052245E-8
578.368	5.4221464269149E-8
578.729	5.40869464793402E-8
579.089	5.42434399436637E-8
579.45	5.41839420667675E-8
579.81	5.43450183592608E-8
580.171	5.42538882377321E-8
580.531	5.44456901167003E-8
580.892	5.43117010634742E-8
581.252	5.43257636973185E-8
581.612	5.45361956748768E-8
581.973	5.43241306219231E-8
582.333	5.44199308362754E-8
582.693	5.44234023263998E-8
583.053	5.44570994369821E-8
583.413	5.44587857771148E-8
583.773	5.45010586229557E-8
584.133	5.45372861022002E-8
584.493	5.46877139918117E-8
584.853	5.45783087081572E-8
585.213	5.46824238709617E-8
585.573	5.46855717571391E-8
585.933	5.45813784338642E-8
586.292	5.47225111635322E-8
586.652	5.48093011265749E-8
587.012	5.46162607268293E-8
587.371	5.48409303404326E-8
587.731	5.47416301361488E-8
588.09	5.48748892679817E-8
588.45	5.48668808311369E-8
588.809	5.50109625631274E-8
589.169	5.49211730193877E-8
589.528	5.50028828208537E-8
589.887	5.5026951132822E-8
590.246	5.51226574609636E-8
590.605	5.52910736713108E-8
590.965	5.51452923036086E-8
591.324	5.52023535856955E-8
591.683	5.52638557950403E-8
592.042	5.52935271938124E-8
592.401	5.52518982507411E-8
592.759	5.54149854628597E-8
593.118	5.54574069912565E-8
593.477	5.55101517421402E-8
593.836	5.55372120789672E-8
594.195	5.54259457695121E-8
594.553	5.56576831247546E-8
594.912	5.55834804544344E-8
595.27	5.5846673788455E-8
595.629	5.56389981473201E-8
595.987	5.59105753101831E-8
596.346	5.58208278238724E-8
596.704	5.59636328663933E-8
597.062	5.6116861151413E-8
597.421	5.61787003899975E-8
597.779	5.62034411402289E-8
598.137	5.62524487882914E-8
598.495	5.6391730935965E-8
598.853	5.66333464506233E-8
599.212	5.64994442164257E-8
599.57	5.63794000203259E-8
599.927	5.65897729649302E-8
600.285	5.66972457289775E-8
600.643	5.67710295891496E-8
601.001	5.68395265801375E-8
601.359	5.67758699111199E-8
601.717	5.67276927553768E-8
602.074	5.68741760225376E-8
602.432	5.68013558145012E-8
602.789	5.69966746115898E-8
603.147	5.68698541080381E-8
603.504	5.70698189557294E-8
603.862	5.69624363195944E-8
604.219	5.70985405729679E-8
604.577	5.70405830976896E-8
604.934	5.7031320556513E-8
605.291	5.70332420360909E-8
605.648	5.72164256368493E-8
606.006	5.71244613760929E-8
606.363	5.71080789072865E-8
606.72	5.71009055302119E-8
607.077	5.71045813623772E-8
607.434	5.712434532468E-8
607.791	5.71109605307761E-8
608.148	5.69840260038352E-8
608.504	5.7127123191693E-8
608.861	5.7146841204508E-8
609.218	5.71203883710115E-8
609.575	5.69822463935215E-8
609.931	5.71869204947494E-8
610.288	5.72347893645932E-8
610.645	5.70347499167746E-8
611.001	5.71470483138758E-8
611.358	5.70232896952989E-8
611.714	5.6933639230235E-8
612.07	5.71896548337445E-8
612.427	5.70939573786232E-8
612.783	5.70392867850328E-8
613.139	5.70307358283932E-8
613.495	5.71358230455058E-8
613.851	5.71721981505061E-8
614.208	5.70540812572905E-8
614.564	5.70916175363547E-8
614.92	5.70145499461844E-8
615.276	5.69634567518996E-8
615.631	5.72037796104168E-8
615.987	5.71863020413768E-8
616.343	5.71707150206388E-8
616.699	5.7212122151201E-8
617.055	5.70389876481731E-8
617.41	5.73193319079014E-8
617.766	5.71266622910199E-8
618.121	5.73418543176776E-8
618.477	5.71939051790691E-8
618.832	5.7354484053174E-8
619.188	5.72301535044695E-8
619.543	5.74033566060852E-8
619.899	5.72825345442145E-8
620.254	5.73620212785971E-8
620.609	5.74295558615317E-8
620.964	5.74463728562466E-8
621.319	5.7607367511074E-8
621.675	5.75379248638312E-8
622.03	5.75048053898123E-8
622.385	5.7562496494928E-8
622.74	5.76818091555137E-8
623.095	5.75131428905148E-8
623.449	5.76924526148693E-8
623.804	5.78250898390369E-8
624.159	5.78800770899202E-8
624.514	5.77911526927864E-8
624.868	5.79935753050664E-8
625.223	5.8078383069551E-8
625.578	5.79443833485449E-8
625.932	5.81239234608955E-8
626.287	5.8000637589073E-8
626.641	5.81274892520689E-8
626.995	5.83706153832812E-8
627.35	5.82129405442984E-8
627.704	5.83631950122595E-8
628.058	5.85533637206619E-8
628.413	5.85185991936536E-8
628.767	5.84777068602624E-8
629.121	5.86276731229569E-8
629.475	5.87057025832863E-8
629.829	5.87929658398541E-8
630.183	5.87728880425894E-8
630.537	5.88926633599017E-8
630.891	5.8912588899246E-8
631.245	5.89125525461062E-8
631.598	5.91040611828356E-8
631.952	5.9229516849424E-8
632.306	5.90946577187541E-8
632.659	5.94598963794845E-8
633.013	5.93621774683267E-8
633.366	5.95420075448366E-8
633.72	5.94412413060897E-8
634.073	5.96411054414861E-8
634.427	5.96294716804374E-8
634.78	5.97246523001588E-8
635.133	5.99290031843268E-8
635.487	5.99012163122649E-8
635.84	5.98800977554436E-8
636.193	6.00264645799901E-8
636.546	6.0224649792776E-8
636.899	6.01755392359107E-8
637.252	6.03457501718114E-8
637.605	6.04579563882493E-8
637.958	6.04640383457264E-8
638.311	6.06171341789288E-8
638.664	6.06454146244113E-8
639.017	6.05665212690602E-8
639.369	6.08387138403349E-8
639.722	6.09971841002628E-8
640.075	6.08537444233028E-8
640.427	6.1127015681087E-8
640.78	6.10068531471559E-8
641.132	6.1292031490318E-8
641.485	6.12320098013222E-8
641.837	6.15449937400614E-8
642.19	6.14662587653256E-8
642.542	6.15950581184469E-8
642.894	6.16315450711622E-8
643.246	6.17348300654735E-8
643.598	6.20126595743844E-8
643.951	6.19261896980216E-8
644.303	6.20087428026517E-8
644.655	6.21303036910386E-8
645.007	6.22531021544414E-8
645.359	6.22126142879653E-8
645.71	6.24548547083057E-8
646.062	6.25599474134856E-8
646.414	6.27039169405453E-8
646.766	6.26243031204598E-8
647.117	6.29391000263275E-8
647.469	6.30282807231036E-8
647.821	6.29509630969151E-8
648.172	6.32409584843574E-8
648.524	6.31508649407102E-8
648.875	6.34258967598344E-8
649.227	6.33998539879405E-8
649.578	6.35218811792809E-8
649.929	6.35699194432823E-8
650.28	6.3864533736894E-8
650.632	6.37310104434691E-8
650.983	6.39137440808148E-8
651.334	6.40379075265791E-8
651.685	6.41667167124748E-8
652.036	6.42134749048655E-8
652.387	6.43472796469984E-8
652.738	6.44112148443203E-8
653.089	6.46014198343032E-8
653.44	6.45341882679051E-8
653.79	6.4791073245992E-8
654.141	6.48333781387028E-8
654.492	6.47222760588936E-8
654.842	6.51144426420501E-8
655.193	6.50645200836644E-8
655.543	6.52825331686534E-8
655.894	6.51853818112602E-8
656.244	6.54875377404825E-8
656.595	6.54020232370518E-8
656.945	6.54368733979241E-8
657.295	6.57528091468589E-8
657.646	6.57581320072274E-8
657.996	6.58609299461148E-8
658.346	6.59048433942444E-8
658.696	6.61431076046071E-8
659.046	6.61641923643744E-8
659.396	6.62678287375389E-8
659.746	6.64120343537011E-8
660.096	6.65455788740069E-8
660.446	6.66219839432929E-8
660.796	6.66257210066447E-8
661.145	6.69349424626664E-8
661.495	6.70531584787426E-8
661.845	6.68816020910961E-8
662.194	6.72185549045679E-8
662.544	6.73671390978101E-8
662.894	6.72880228466187E-8
663.243	6.74003102212514E-8
663.592	6.7733434460281E-8
663.942	6.77003817275267E-8
664.291	6.77624069235199E-8
664.64	6.8104686834906E-8
664.99	6.80222205880977E-8
665.339	6.81244282810311E-8
665.688	6.81973651812234E-8
666.037	6.83398497906477E-8
666.386	6.8539643565383E-8
666.735	6.86022092577975E-8
667.084	6.86943822452042E-8
667.433	6.8779990069271E-8
667.782	6.89089717459977E-8
668.131	6.89872182224303E-8
668.479	6.92169176810049E-8
668.828	6.93229897432397E-8
669.177	6.92389300540301E-8
669.525	6.95939466726932E-8
669.874	6.95778912363606E-8
670.222	6.9897441216044E-8
670.571	6.97729510091799E-8
670.919	6.98753256978722E-8
671.267	7.03317806647967E-8
671.616	7.02436783246712E-8
671.964	7.03859712240518E-8
672.312	7.05214525954397E-8
672.66	7.08881423195415E-8
673.009	7.07674429874305E-8
673.357	7.08747774185469E-8
673.705	7.10075881847522E-8
674.053	7.09538612321204E-8
674.4	7.13589139719306E-8
674.748	7.15155918070371E-8
675.096	7.17819779403714E-8
675.444	7.18799468640854E-8
675.792	7.17467779881492E-8
676.139	7.208762090319E-8
676.487	7.22161739026548E-8
676.835	7.21659331339584E-8
677.182	7.24851527647018E-8
677.53	7.25367004335171E-8
677.877	7.26948738691977E-8
678.224	7.30985228214765E-8
678.572	7.30420867425124E-8
678.919	7.31997293743792E-8
679.266	7.32624856910433E-8
679.613	7.36487494365597E-8
679.961	7.36429123796522E-8
680.308	7.38460268635543E-8
680.655	7.39794056702028E-8
681.002	7.4215932267785E-8
681.349	7.44281698467601E-8
681.696	7.43927383801249E-8
682.042	7.47102692407493E-8
682.389	7.49233275067785E-8
682.736	7.49880260977043E-8
683.083	7.49580205946253E-8
683.429	7.53274256666351E-8
683.776	7.54054484924869E-8
684.122	7.58073966015407E-8
684.469	7.57809332850846E-8
684.815	7.61070369112641E-8
685.162	7.59778824107264E-8
685.508	7.64250671727702E-8
685.855	7.64098873063577E-8
686.201	7.65942796504027E-8
686.547	7.67738207078209E-8
686.893	7.69963362839955E-8
687.239	7.73515403846471E-8
687.585	7.74118298009288E-8
687.931	7.75247552374063E-8
688.277	7.76289702929921E-8
688.623	7.77894248168429E-8
688.969	7.80170085772322E-8
689.315	7.82021992481073E-8
689.661	7.82464358631523E-8
690.006	7.87179621705298E-8
690.352	7.89184079693402E-8
690.698	7.89566491233428E-8
691.043	7.92974312127114E-8
691.389	7.91484642497034E-8
691.734	7.96242123335694E-8
692.08	7.95524536738201E-8
692.425	7.97737234296358E-8
692.77	8.00807411415266E-8
693.116	8.01259237300654E-8
693.461	8.04335761607335E-8
693.806	8.0623322806633E-8
694.151	8.08263291588217E-8
694.496	8.09890308491723E-8
694.841	8.10581097661482E-8
695.186	8.12026479670419E-8
695.531	8.14994395556433E-8
695.876	8.15659617653476E-8
696.221	8.1749827967916E-8
696.566	8.19364213222943E-8
696.91	8.23593146982661E-8
697.255	8.25621995319755E-8
697.6	8.26855072844454E-8
697.944	8.29857969624565E-8
698.289	8.29100495205269E-8
698.633	8.32508437346787E-8
698.978	8.31774144281031E-8
699.322	8.38154122346033E-8
699.667	8.37398412460275E-8
700.011	8.41204454138E-8
700.355	8.41972604902749E-8
700.699	8.44841614348581E-8
701.043	8.491888154432E-8
701.388	8.48781132508313E-8
701.732	8.51462710207122E-8
702.076	8.51443025737983E-8
702.42	8.52368862348641E-8
702.763	8.57849146093344E-8
703.107	8.60477548534747E-8
703.451	8.63032457360917E-8
703.795	8.65944780360631E-8
704.139	8.64101137678654E-8
704.482	8.69263555305829E-8
704.826	8.67454446540943E-8
705.169	8.7190534066158E-8
705.513	8.73595912517974E-8
705.856	8.79736155013949E-8
706.2	8.79241472760594E-8
706.543	8.81666918412525E-8
706.886	8.85071181981451E-8
707.23	8.85533537661186E-8
707.573	8.88298970770051E-8
707.916	8.90978826810586E-8
708.259	8.93039533349916E-8
708.602	8.94027238678805E-8
708.945	8.98750737605011E-8
709.288	9.01153328534679E-8
709.631	9.04107975281137E-8
709.974	9.05478192477978E-8
710.317	9.05082848272783E-8
710.659	9.09418221954692E-8
711.002	9.12702838867377E-8
711.345	9.12733730568414E-8
711.687	9.17468849431245E-8
712.03	9.17021152226033E-8
712.372	9.21867065759055E-8
712.715	9.2405646572589E-8
713.057	9.29504328206055E-8
713.4	9.31004854566425E-8
713.742	9.32607219707433E-8
714.084	9.33342424478232E-8
714.426	9.40293271060676E-8
714.769	9.38936533970568E-8
715.111	9.42842620396927E-8
715.453	9.43983399092032E-8
715.795	9.47187495206478E-8
716.137	9.50447211722882E-8
716.479	9.53121173927673E-8
716.821	9.55227567270374E-8
717.162	9.59529048106598E-8
717.504	9.61958476041436E-8
717.846	9.62623859815178E-8
718.188	9.63795769309916E-8
718.529	9.68046637327601E-8
718.871	9.6870350347199E-8
719.212	9.76496380863851E-8
719.554	9.75614896154275E-8
719.895	9.79933836250838E-8
720.236	9.85968988637673E-8
720.578	9.86492487380961E-8
720.919	9.88523093929109E-8
721.26	9.90035836575591E-8
721.601	9.95696259710273E-8
721.943	9.95057141732628E-8
722.284	1.00002423775281E-7
722.625	1.00281850790708E-7
722.966	1.00258177394406E-7
723.306	1.00778404910969E-7
723.647	1.01111750377617E-7
723.988	1.0145468493745E-7
724.329	1.01797221831444E-7
724.67	1.01861529938807E-7
725.01	1.02431886069217E-7
725.351	1.02541091921197E-7
725.691	1.03097924589359E-7
726.032	1.03127283201399E-7
726.372	1.03600381685369E-7
726.713	1.03816252452571E-7
727.053	1.04188111841079E-7
727.393	1.04825955460915E-7
727.734	1.04793387508707E-7
728.074	1.05247569708532E-7
728.414	1.05279674946006E-7
728.754	1.05810310257634E-7
729.094	1.05996991344102E-7
729.434	1.06304696806251E-7
729.774	1.06739605308038E-7
730.114	1.06998407706271E-7
730.454	1.0748983622051E-7
730.794	1.07894198647455E-7
731.134	1.08109749070469E-7
731.473	1.08581501601503E-7
731.813	1.0924166619333E-7
732.153	1.08870106151787E-7
732.492	1.09639008429699E-7
732.832	1.09647852687972E-7
733.171	1.10006976119184E-7
733.51	1.10690553441877E-7
733.85	1.10750733467926E-7
734.189	1.11110178513625E-7
734.528	1.11796366153566E-7
734.868	1.11823673315974E-7
735.207	1.12145334335321E-7
735.546	1.12514915791362E-7
735.885	1.12805552674401E-7
736.224	1.13138614493581E-7
736.563	1.13517446052061E-7
736.902	1.13818149087476E-7
737.241	1.13987596957467E-7
737.579	1.14803390547282E-7
737.918	1.15322790223758E-7
738.257	1.15560395085946E-7
738.596	1.15800561372662E-7
738.934	1.16409553294842E-7
739.273	1.16536679017751E-7
739.611	1.17025586246179E-7
739.95	1.16788919267469E-7
740.288	1.17397803830689E-7
740.626	1.18269275240156E-7
740.965	1.18130841966891E-7
741.303	1.18824745737334E-7
741.641	1.19035996158E-7
741.979	1.19608817614699E-7
742.317	1.1997974988951E-7
742.655	1.20535720011102E-7
742.993	1.20845555637896E-7
743.331	1.20934379892318E-7
743.669	1.2164683493476E-7
744.007	1.21943758553943E-7
744.345	1.22357657359923E-7
744.683	1.22551040232866E-7
745.02	1.23512317576898E-7
745.358	1.23721821501487E-7
745.695	1.24377574840418E-7
746.033	1.24473125367203E-7
746.37	1.25358919892401E-7
746.708	1.25621769341201E-7
747.045	1.26294921381209E-7
747.383	1.2633475977431E-7
747.72	1.2679300754652E-7
748.057	1.27096977202775E-7
748.394	1.27341756864949E-7
748.731	1.28150959897364E-7
749.069	1.28151536420011E-7
749.406	1.28881710664868E-7
749.743	1.28733983146339E-7
750.079	1.29708599332368E-7
750.416	1.30424348651098E-7
750.753	1.30977317656972E-7
751.09	1.31614473834586E-7
751.427	1.31622074163206E-7
751.763	1.32397044440722E-7
752.1	1.32624868848098E-7
752.437	1.32929388988736E-7
752.773	1.33530574878471E-7
753.109	1.34503193918869E-7
753.446	1.34583077432516E-7
753.782	1.35782905454888E-7
754.119	1.36167739767566E-7
754.455	1.36709369710078E-7
754.791	1.37076813129621E-7
755.127	1.37190536444454E-7
755.463	1.37595920765727E-7
755.799	1.38217556928164E-7
756.135	1.38922983703356E-7
756.471	1.39520485778986E-7
756.807	1.40358615013166E-7
757.143	1.40964559135944E-7
757.479	1.41725674295555E-7
757.815	1.41843735086995E-7
758.15	1.42470684571418E-7
758.486	1.43040527986284E-7
758.822	1.43080046291661E-7
759.157	1.43500539145795E-7
759.493	1.43437749604784E-7
759.828	1.45375724304169E-7
760.164	1.46876231608301E-7
760.499	1.49155693667154E-7
760.834	1.5206666489911E-7
761.169	1.55696363510831E-7
761.505	1.5854293977922E-7
761.84	1.62453762395427E-7
762.175	1.67535417665805E-7
762.51	1.72356708595827E-7
762.845	1.77245797299518E-7
763.18	1.82462106515137E-7
763.515	1.87270722649959E-7
763.849	1.92656710492589E-7
764.184	1.97866431649524E-7
764.519	2.040171634933E-7
764.854	2.10166309723794E-7
765.188	2.18397544763626E-7
765.523	2.25830446948716E-7
765.857	2.34291634803055E-7
766.192	2.41867609439097E-7
766.526	2.50477051503402E-7
766.861	2.58927338945911E-7
767.195	2.6803312223544E-7
767.529	2.78897732783182E-7
767.863	2.91323271347373E-7
768.198	3.03006168566217E-7
768.532	3.15442986129069E-7
768.866	3.28011350325571E-7
769.2	3.43725650532312E-7
769.534	3.60871575930223E-7
769.868	3.77993664367406E-7
770.202	0
770.535	0
770.869	0
771.203	0
