343.857	0
344.225	0
344.593	0
344.961	0
345.328	1.47434E-8
345.696	1.57851E-8
346.063	1.67961E-8
346.43	1.75096E-8
346.797	1.79826E-8
347.165	1.859E-8
347.531	1.92756E-8
347.898	2.00052E-8
348.265	2.07518E-8
348.632	2.13525E-8
348.998	2.19962E-8
349.365	2.2589E-8
349.731	2.32456E-8
350.097	2.39504E-8
350.464	2.46563E-8
350.83	2.50543E-8
351.196	2.52401E-8
351.562	2.53206E-8
351.927	2.52395E-8
352.293	2.50854E-8
352.659	2.49802E-8
353.024	2.48161E-8
353.389	2.46661E-8
353.755	2.45584E-8
354.12	2.44292E-8
354.485	2.43012E-8
354.85	2.44354E-8
355.215	2.47664E-8
355.58	2.51461E-8
355.944	2.55433E-8
356.309	2.59667E-8
356.673	2.64259E-8
357.038	2.68399E-8
357.402	2.7214E-8
357.766	2.75496E-8
358.13	2.78699E-8
358.494	2.8227E-8
358.858	2.85831E-8
359.222	2.89175E-8
359.585	2.92036E-8
359.949	2.95425E-8
360.313	2.98412E-8
360.676	3.01719E-8
361.039	3.04886E-8
361.402	3.08391E-8
361.765	3.1146E-8
362.128	3.14261E-8
362.491	3.17038E-8
362.854	3.19366E-8
363.217	3.21751E-8
363.579	3.24961E-8
363.942	3.27449E-8
364.304	3.30644E-8
364.667	3.33373E-8
365.029	3.35812E-8
365.391	3.3835E-8
365.753	3.40781E-8
366.115	3.42528E-8
366.477	3.4418E-8
366.838	3.46267E-8
367.2	3.48247E-8
367.561	3.49983E-8
367.923	3.51647E-8
368.284	3.52884E-8
368.645	3.53731E-8
369.006	3.55455E-8
369.367	3.57015E-8
369.728	3.59051E-8
370.089	3.61714E-8
370.45	3.64228E-8
370.811	3.65641E-8
371.171	3.66569E-8
371.531	3.68101E-8
371.892	3.69731E-8
372.252	3.70913E-8
372.612	3.72324E-8
372.972	3.73648E-8
373.332	3.74793E-8
373.692	3.75488E-8
374.052	3.76191E-8
374.411	3.76249E-8
374.771	3.77363E-8
375.13	3.78632E-8
375.49	3.79211E-8
375.849	3.79544E-8
376.208	3.80567E-8
376.567	3.80894E-8
376.926	3.80387E-8
377.285	3.80715E-8
377.644	3.8053E-8
378.002	3.8009E-8
378.361	3.8016E-8
378.719	3.79678E-8
379.078	3.7905E-8
379.436	3.78338E-8
379.794	3.78507E-8
380.152	3.77989E-8
380.51	3.77722E-8
380.868	3.77885E-8
381.226	3.77768E-8
381.584	3.77443E-8
381.941	3.76911E-8
382.299	3.77063E-8
382.656	3.77016E-8
383.013	3.77566E-8
383.371	3.78135E-8
383.728	3.7819E-8
384.085	3.78221E-8
384.442	3.7808E-8
384.799	3.78278E-8
385.155	3.78155E-8
385.512	3.7828E-8
385.868	3.78536E-8
386.225	3.77833E-8
386.581	3.77701E-8
386.937	3.77316E-8
387.294	3.77283E-8
387.65	3.77567E-8
388.006	3.77988E-8
388.361	3.79066E-8
388.717	3.80798E-8
389.073	3.82587E-8
389.428	3.83735E-8
389.784	3.85662E-8
390.139	3.86869E-8
390.494	3.87709E-8
390.85	3.88319E-8
391.205	3.88967E-8
391.56	3.89321E-8
391.915	3.89547E-8
392.269	3.89007E-8
392.624	3.88042E-8
392.979	3.86243E-8
393.333	3.85554E-8
393.687	3.84114E-8
394.042	3.831E-8
394.396	3.81964E-8
394.75	3.80335E-8
395.104	3.78582E-8
395.458	3.76249E-8
395.812	3.73879E-8
396.166	3.71525E-8
396.519	3.68309E-8
396.873	3.65914E-8
397.226	3.63574E-8
397.58	3.62188E-8
397.933	3.60794E-8
398.286	3.59564E-8
398.639	3.5913E-8
398.992	3.58629E-8
399.345	3.58411E-8
399.698	3.58388E-8
400.05	3.58669E-8
400.403	3.59347E-8
400.755	3.59782E-8
401.108	3.59914E-8
401.46	3.59397E-8
401.812	3.58855E-8
402.164	3.58324E-8
402.516	3.57482E-8
402.868	3.56123E-8
403.22	3.55568E-8
403.572	3.55015E-8
403.923	3.54278E-8
404.275	3.53755E-8
404.626	3.53067E-8
404.978	3.52137E-8
405.329	3.51318E-8
405.68	3.50509E-8
406.031	3.49484E-8
406.382	3.48414E-8
406.733	3.48001E-8
407.084	3.46798E-8
407.434	3.45651E-8
407.785	3.44637E-8
408.135	3.43298E-8
408.486	3.42326E-8
408.836	3.41061E-8
409.186	3.39838E-8
409.536	3.38735E-8
409.886	3.3772E-8
410.236	3.36795E-8
410.586	3.35224E-8
410.936	3.33892E-8
411.285	3.32446E-8
411.635	3.30988E-8
411.984	3.29674E-8
412.334	3.2795E-8
412.683	3.26506E-8
413.032	3.25193E-8
413.381	3.23495E-8
413.73	3.22133E-8
414.079	3.20557E-8
414.428	3.19175E-8
414.776	3.17753E-8
415.125	3.16257E-8
415.473	3.14788E-8
415.822	3.13407E-8
416.17	3.12159E-8
416.518	3.10793E-8
416.866	3.09037E-8
417.214	3.07605E-8
417.562	3.05916E-8
417.91	3.04442E-8
418.258	3.03062E-8
418.605	3.01654E-8
418.953	3.002E-8
419.3	2.98783E-8
419.648	2.97579E-8
419.995	2.96305E-8
420.342	2.95083E-8
420.689	2.94012E-8
421.036	2.92913E-8
421.383	2.92037E-8
421.73	2.91206E-8
422.077	2.90173E-8
422.423	2.89294E-8
422.77	2.88231E-8
423.116	2.87592E-8
423.463	2.86542E-8
423.809	2.85666E-8
424.155	2.84971E-8
424.501	2.8407E-8
424.847	2.83387E-8
425.193	2.82559E-8
425.538	2.81796E-8
425.884	2.81014E-8
426.23	2.80327E-8
426.575	2.79773E-8
426.921	2.79021E-8
427.266	2.78181E-8
427.611	2.77387E-8
427.956	2.76512E-8
428.301	2.7604E-8
428.646	2.75507E-8
428.991	2.74689E-8
429.336	2.73941E-8
429.68	2.73488E-8
430.025	2.72733E-8
430.369	2.72306E-8
430.714	2.71633E-8
431.058	2.71054E-8
431.402	2.70489E-8
431.746	2.70071E-8
432.09	2.69354E-8
432.434	2.68695E-8
432.778	2.68181E-8
433.122	2.67435E-8
433.465	2.66779E-8
433.809	2.66156E-8
434.152	2.65385E-8
434.495	2.64571E-8
434.839	2.63728E-8
435.182	2.63052E-8
435.525	2.62238E-8
435.868	2.61543E-8
436.211	2.60786E-8
436.554	2.59902E-8
436.896	2.59226E-8
437.239	2.58343E-8
437.581	2.57404E-8
437.924	2.56479E-8
438.266	2.5571E-8
438.608	2.55085E-8
438.95	2.54261E-8
439.292	2.5349E-8
439.634	2.52737E-8
439.976	2.51904E-8
440.318	2.51283E-8
440.66	2.50707E-8
441.001	2.50152E-8
441.343	2.49575E-8
441.684	2.49045E-8
442.025	2.48399E-8
442.367	2.47877E-8
442.708	2.47354E-8
443.049	2.46623E-8
443.39	2.4593E-8
443.731	2.45506E-8
444.071	2.44891E-8
444.412	2.44209E-8
444.753	2.43543E-8
445.093	2.4298E-8
445.433	2.42311E-8
445.774	2.4163E-8
446.114	2.40761E-8
446.454	2.39921E-8
446.794	2.39225E-8
447.134	2.38557E-8
447.474	2.37809E-8
447.814	2.37124E-8
448.153	2.36505E-8
448.493	2.35892E-8
448.832	2.35194E-8
449.172	2.34527E-8
449.511	2.33905E-8
449.85	2.33351E-8
450.189	2.32736E-8
450.528	2.32127E-8
450.867	2.31498E-8
451.206	2.30716E-8
451.545	2.30008E-8
451.883	2.29211E-8
452.222	2.28389E-8
452.56	2.2769E-8
452.899	2.27063E-8
453.237	2.26449E-8
453.575	2.2577E-8
453.913	2.25212E-8
454.251	2.24531E-8
454.589	2.23991E-8
454.927	2.23473E-8
455.265	2.22879E-8
455.602	2.22257E-8
455.94	2.21752E-8
456.277	2.21133E-8
456.615	2.20587E-8
456.952	2.20043E-8
457.289	2.19445E-8
457.626	2.1883E-8
457.963	2.18212E-8
458.3	2.1762E-8
458.637	2.17075E-8
458.974	2.16551E-8
459.31	2.16093E-8
459.647	2.15612E-8
459.983	2.1519E-8
460.32	2.14752E-8
460.656	2.14284E-8
460.992	2.13905E-8
461.328	2.13577E-8
461.664	2.13362E-8
462	2.12985E-8
462.336	2.12618E-8
462.672	2.12375E-8
463.007	2.12104E-8
463.343	2.11681E-8
463.678	2.11363E-8
464.014	2.11027E-8
464.349	2.10731E-8
464.684	2.10581E-8
465.019	2.10116E-8
465.354	2.09801E-8
465.689	2.09445E-8
466.024	2.09219E-8
466.359	2.08949E-8
466.694	2.08614E-8
467.028	2.08371E-8
467.363	2.08095E-8
467.697	2.07731E-8
468.031	2.0744E-8
468.366	2.07112E-8
468.7	2.06905E-8
469.034	2.06667E-8
469.368	2.06354E-8
469.701	2.06107E-8
470.035	2.05681E-8
470.369	2.05388E-8
470.702	2.05174E-8
471.036	2.049E-8
471.369	2.04632E-8
471.703	2.04315E-8
472.036	2.03851E-8
472.369	2.03541E-8
472.702	2.03239E-8
473.035	2.02972E-8
473.368	2.02635E-8
473.701	2.02393E-8
474.033	2.02169E-8
474.366	2.01838E-8
474.698	2.01546E-8
475.031	2.01249E-8
475.363	2.00992E-8
475.695	2.00852E-8
476.028	2.00596E-8
476.36	2.00217E-8
476.692	1.99947E-8
477.023	1.99633E-8
477.355	1.99245E-8
477.687	1.98877E-8
478.019	1.98596E-8
478.35	1.98293E-8
478.682	1.9809E-8
479.013	1.9777E-8
479.344	1.97476E-8
479.675	1.97119E-8
480.006	1.9691E-8
480.337	1.96672E-8
480.668	1.96507E-8
480.999	1.96396E-8
481.33	1.96196E-8
481.66	1.96002E-8
481.991	1.9585E-8
482.321	1.95612E-8
482.652	1.95469E-8
482.982	1.95228E-8
483.312	1.95174E-8
483.642	1.95026E-8
483.972	1.94925E-8
484.302	1.94653E-8
484.632	1.9445E-8
484.962	1.94383E-8
485.292	1.94146E-8
485.621	1.93893E-8
485.951	1.93744E-8
486.28	1.93573E-8
486.609	1.93386E-8
486.939	1.93196E-8
487.268	1.93012E-8
487.597	1.92695E-8
487.926	1.92586E-8
488.255	1.92394E-8
488.583	1.92075E-8
488.912	1.91985E-8
489.241	1.91779E-8
489.569	1.91564E-8
489.898	1.91404E-8
490.226	1.91261E-8
490.554	1.91015E-8
490.882	1.90819E-8
491.21	1.90702E-8
491.538	1.90471E-8
491.866	1.90251E-8
492.194	1.90084E-8
492.522	1.89826E-8
492.85	1.89726E-8
493.177	1.89635E-8
493.505	1.89308E-8
493.832	1.89184E-8
494.159	1.89052E-8
494.486	1.88806E-8
494.814	1.88538E-8
495.141	1.8835E-8
495.467	1.88144E-8
495.794	1.8795E-8
496.121	1.87715E-8
496.448	1.87455E-8
496.774	1.87109E-8
497.101	1.86953E-8
497.427	1.86716E-8
497.754	1.86509E-8
498.08	1.863E-8
498.406	1.86252E-8
498.732	1.86096E-8
499.058	1.85973E-8
499.384	1.85799E-8
499.71	1.85704E-8
500.035	1.85569E-8
500.361	1.85502E-8
500.687	1.85352E-8
501.012	1.85176E-8
501.337	1.85048E-8
501.663	1.84996E-8
501.988	1.84762E-8
502.313	1.84634E-8
502.638	1.8453E-8
502.963	1.8453E-8
503.288	1.84348E-8
503.613	1.84176E-8
503.937	1.84089E-8
504.262	1.8401E-8
504.586	1.83887E-8
504.911	1.83709E-8
505.235	1.83537E-8
505.559	1.83491E-8
505.884	1.83374E-8
506.208	1.83203E-8
506.532	1.83E-8
506.856	1.82946E-8
507.179	1.82855E-8
507.503	1.8273E-8
507.827	1.82531E-8
508.15	1.82331E-8
508.474	1.82188E-8
508.797	1.82083E-8
509.12	1.81862E-8
509.444	1.81669E-8
509.767	1.8154E-8
510.09	1.81358E-8
510.413	1.81225E-8
510.736	1.81101E-8
511.058	1.80892E-8
511.381	1.8076E-8
511.704	1.80741E-8
512.026	1.80601E-8
512.349	1.80395E-8
512.671	1.80266E-8
512.993	1.80105E-8
513.315	1.79956E-8
513.638	1.79787E-8
513.96	1.79588E-8
514.281	1.79424E-8
514.603	1.7926E-8
514.925	1.79186E-8
515.247	1.78933E-8
515.568	1.78778E-8
515.89	1.78698E-8
516.211	1.7856E-8
516.532	1.78398E-8
516.854	1.78226E-8
517.175	1.78088E-8
517.496	1.77947E-8
517.817	1.77735E-8
518.138	1.77553E-8
518.459	1.7736E-8
518.779	1.77229E-8
519.1	1.77046E-8
519.421	1.76804E-8
519.741	1.76637E-8
520.061	1.76484E-8
520.382	1.76343E-8
520.702	1.76078E-8
521.022	1.75852E-8
521.342	1.75713E-8
521.662	1.75527E-8
521.982	1.75339E-8
522.302	1.75226E-8
522.621	1.75108E-8
522.941	1.74999E-8
523.261	1.74831E-8
523.58	1.74662E-8
523.899	1.74516E-8
524.219	1.74447E-8
524.538	1.74293E-8
524.857	1.7414E-8
525.176	1.7398E-8
525.495	1.7388E-8
525.814	1.73676E-8
526.133	1.73501E-8
526.451	1.73438E-8
526.77	1.733E-8
527.088	1.73189E-8
527.407	1.73037E-8
527.725	1.72921E-8
528.043	1.72832E-8
528.362	1.72744E-8
528.68	1.72696E-8
528.998	1.7255E-8
529.316	1.7246E-8
529.633	1.7242E-8
529.951	1.72192E-8
530.269	1.72057E-8
530.587	1.71948E-8
530.904	1.71821E-8
531.221	1.71689E-8
531.539	1.71579E-8
531.856	1.71423E-8
532.173	1.7125E-8
532.49	1.71081E-8
532.807	1.70964E-8
533.124	1.70782E-8
533.441	1.70664E-8
533.758	1.706E-8
534.074	1.70455E-8
534.391	1.70328E-8
534.708	1.70227E-8
535.024	1.70118E-8
535.34	1.70004E-8
535.657	1.69872E-8
535.973	1.69786E-8
536.289	1.69674E-8
536.605	1.69527E-8
536.921	1.69375E-8
537.237	1.69264E-8
537.552	1.69116E-8
537.868	1.68975E-8
538.184	1.68827E-8
538.499	1.68646E-8
538.814	1.68488E-8
539.13	1.68382E-8
539.445	1.68179E-8
539.76	1.6796E-8
540.075	1.67863E-8
540.39	1.67745E-8
540.705	1.67574E-8
541.02	1.67458E-8
541.335	1.67287E-8
541.649	1.67193E-8
541.964	1.67061E-8
542.278	1.66912E-8
542.593	1.6676E-8
542.907	1.66656E-8
543.221	1.66575E-8
543.536	1.66441E-8
543.85	1.66281E-8
544.164	1.66139E-8
544.478	1.65932E-8
544.791	1.65878E-8
545.105	1.65665E-8
545.419	1.65525E-8
545.732	1.65387E-8
546.046	1.65269E-8
546.359	1.65135E-8
546.673	1.65001E-8
546.986	1.64846E-8
547.299	1.64712E-8
547.612	1.64585E-8
547.925	1.64562E-8
548.238	1.64393E-8
548.551	1.64283E-8
548.864	1.64212E-8
549.176	1.64134E-8
549.489	1.63996E-8
549.802	1.63879E-8
550.114	1.63737E-8
550.426	1.63624E-8
550.739	1.63588E-8
551.051	1.63422E-8
551.363	1.63286E-8
551.675	1.63162E-8
551.987	1.63082E-8
552.299	1.62916E-8
552.611	1.62771E-8
552.922	1.62719E-8
553.234	1.62632E-8
553.545	1.62564E-8
553.857	1.62435E-8
554.168	1.62294E-8
554.479	1.62181E-8
554.791	1.62065E-8
555.102	1.61994E-8
555.413	1.61872E-8
555.724	1.61803E-8
556.035	1.61702E-8
556.345	1.61587E-8
556.656	1.61546E-8
556.967	1.6143E-8
557.277	1.61361E-8
557.588	1.61243E-8
557.898	1.61211E-8
558.208	1.61079E-8
558.519	1.60957E-8
558.829	1.60944E-8
559.139	1.60836E-8
559.449	1.60757E-8
559.759	1.60646E-8
560.069	1.60538E-8
560.378	1.60445E-8
560.688	1.60342E-8
560.998	1.60254E-8
561.307	1.60177E-8
561.616	1.60151E-8
561.926	1.60118E-8
562.235	1.59981E-8
562.544	1.59853E-8
562.853	1.59784E-8
563.162	1.59735E-8
563.471	1.59573E-8
563.78	1.59467E-8
564.089	1.59372E-8
564.397	1.59313E-8
564.706	1.59184E-8
565.015	1.59054E-8
565.323	1.58962E-8
565.631	1.58823E-8
565.94	1.58737E-8
566.248	1.58617E-8
566.556	1.58498E-8
566.864	1.58387E-8
567.172	1.58326E-8
567.48	1.58231E-8
567.788	1.58169E-8
568.095	1.58068E-8
568.403	1.57945E-8
568.71	1.57813E-8
569.018	1.57771E-8
569.325	1.57709E-8
569.633	1.57653E-8
569.94	1.5753E-8
570.247	1.5754E-8
570.554	1.57475E-8
570.861	1.57398E-8
571.168	1.5734E-8
571.475	1.57266E-8
571.781	1.5721E-8
572.088	1.57136E-8
572.395	1.57071E-8
572.701	1.56987E-8
573.008	1.56901E-8
573.314	1.56819E-8
573.62	1.56688E-8
573.926	1.56605E-8
574.233	1.56489E-8
574.539	1.56363E-8
574.845	1.5626E-8
575.15	1.56207E-8
575.456	1.56129E-8
575.762	1.55983E-8
576.067	1.55939E-8
576.373	1.55851E-8
576.678	1.55784E-8
576.984	1.55719E-8
577.289	1.55578E-8
577.594	1.55566E-8
577.9	1.55516E-8
578.205	1.55453E-8
578.51	1.55388E-8
578.815	1.55302E-8
579.119	1.55289E-8
579.424	1.5516E-8
579.729	1.55067E-8
580.033	1.55029E-8
580.338	1.54935E-8
580.642	1.54922E-8
580.947	1.54848E-8
581.251	1.54768E-8
581.555	1.54718E-8
581.859	1.54604E-8
582.163	1.54541E-8
582.467	1.54381E-8
582.771	1.54364E-8
583.075	1.543E-8
583.379	1.54207E-8
583.682	1.54149E-8
583.986	1.54065E-8
584.289	1.54008E-8
584.593	1.53918E-8
584.896	1.53874E-8
585.199	1.53842E-8
585.502	1.5382E-8
585.805	1.5382E-8
586.108	1.53751E-8
586.411	1.53706E-8
586.714	1.53697E-8
587.017	1.53645E-8
587.32	1.53595E-8
587.622	1.53522E-8
587.925	1.53473E-8
588.227	1.53439E-8
588.53	1.53392E-8
588.832	1.53355E-8
589.134	1.53346E-8
589.436	1.53344E-8
589.738	1.53293E-8
590.04	1.53265E-8
590.342	1.53241E-8
590.644	1.53195E-8
590.946	1.53215E-8
591.248	1.53177E-8
591.549	1.53149E-8
591.851	1.5311E-8
592.152	1.53066E-8
592.453	1.53032E-8
592.755	1.52985E-8
593.056	1.52996E-8
593.357	1.52893E-8
593.658	1.52877E-8
593.959	1.52856E-8
594.26	1.52821E-8
594.561	1.5278E-8
594.862	1.527E-8
595.162	1.52663E-8
595.463	1.52655E-8
595.763	1.52614E-8
596.064	1.52573E-8
596.364	1.52472E-8
596.664	1.52487E-8
596.964	1.5246E-8
597.265	1.52454E-8
597.565	1.52369E-8
597.865	1.5237E-8
598.164	1.5233E-8
598.464	1.523E-8
598.764	1.52267E-8
599.064	1.52232E-8
599.363	1.52178E-8
599.663	1.52215E-8
599.962	1.52177E-8
600.261	1.52138E-8
600.561	1.5209E-8
600.86	1.52048E-8
601.159	1.52037E-8
601.458	1.52061E-8
601.757	1.52017E-8
602.056	1.5192E-8
602.355	1.5194E-8
602.653	1.51905E-8
602.952	1.51867E-8
603.251	1.51819E-8
603.549	1.51808E-8
603.847	1.51775E-8
604.146	1.51769E-8
604.444	1.51722E-8
604.742	1.51697E-8
605.04	1.5169E-8
605.338	1.51723E-8
605.636	1.51639E-8
605.934	1.51663E-8
606.232	1.51671E-8
606.53	1.5166E-8
606.827	1.51647E-8
607.125	1.5163E-8
607.422	1.51619E-8
607.72	1.51615E-8
608.017	1.51532E-8
608.314	1.51549E-8
608.612	1.51552E-8
608.909	1.51561E-8
609.206	1.51495E-8
609.503	1.5147E-8
609.799	1.51459E-8
610.096	1.51415E-8
610.393	1.51454E-8
610.69	1.51444E-8
610.986	1.51392E-8
611.283	1.51438E-8
611.579	1.5142E-8
611.875	1.51408E-8
612.172	1.51397E-8
612.468	1.51393E-8
612.764	1.5139E-8
613.06	1.51415E-8
613.356	1.51393E-8
613.652	1.51374E-8
613.948	1.51333E-8
614.243	1.51352E-8
614.539	1.51333E-8
614.835	1.51356E-8
615.13	1.51311E-8
615.426	1.51309E-8
615.721	1.51287E-8
616.016	1.51286E-8
616.311	1.51307E-8
616.607	1.51338E-8
616.902	1.51282E-8
617.197	1.5135E-8
617.491	1.51336E-8
617.786	1.51381E-8
618.081	1.51347E-8
618.376	1.51384E-8
618.67	1.51414E-8
618.965	1.51473E-8
619.259	1.51481E-8
619.554	1.51463E-8
619.848	1.51483E-8
620.142	1.51565E-8
620.436	1.51538E-8
620.73	1.51605E-8
621.024	1.51618E-8
621.318	1.51647E-8
621.612	1.51658E-8
621.906	1.51715E-8
622.199	1.5175E-8
622.493	1.51773E-8
622.787	1.51822E-8
623.08	1.51852E-8
623.373	1.51871E-8
623.667	1.51922E-8
623.96	1.51938E-8
624.253	1.51952E-8
624.546	1.51953E-8
624.839	1.52012E-8
625.132	1.5197E-8
625.425	1.52025E-8
625.718	1.52024E-8
626.011	1.52031E-8
626.303	1.52091E-8
626.596	1.52108E-8
626.888	1.52149E-8
627.181	1.52193E-8
627.473	1.52224E-8
627.765	1.52259E-8
628.058	1.52279E-8
628.35	1.5237E-8
628.642	1.52356E-8
628.934	1.52449E-8
629.226	1.52487E-8
629.517	1.52541E-8
629.809	1.52595E-8
630.101	1.52658E-8
630.392	1.5271E-8
630.684	1.52771E-8
630.975	1.52881E-8
631.267	1.52936E-8
631.558	1.52963E-8
631.849	1.53059E-8
632.14	1.53104E-8
632.431	1.53148E-8
632.722	1.53177E-8
633.013	1.53228E-8
633.304	1.53347E-8
633.595	1.53444E-8
633.886	1.53552E-8
634.176	1.53709E-8
634.467	1.53791E-8
634.757	1.53888E-8
635.048	1.53988E-8
635.338	1.54091E-8
635.628	1.54192E-8
635.919	1.54298E-8
636.209	1.54436E-8
636.499	1.54466E-8
636.789	1.5456E-8
637.079	1.54666E-8
637.368	1.54771E-8
637.658	1.54912E-8
637.948	1.55049E-8
638.237	1.55201E-8
638.527	1.5535E-8
638.816	1.55599E-8
639.106	1.55735E-8
639.395	1.55885E-8
639.684	1.56065E-8
639.973	1.56241E-8
640.262	1.56383E-8
640.552	1.5652E-8
640.84	1.56728E-8
641.129	1.56866E-8
641.418	1.56993E-8
641.707	1.5717E-8
641.995	1.57247E-8
642.284	1.57406E-8
642.573	1.57511E-8
642.861	1.57658E-8
643.149	1.57792E-8
643.438	1.57952E-8
643.726	1.58044E-8
644.014	1.58165E-8
644.302	1.5838E-8
644.59	1.5853E-8
644.878	1.58705E-8
645.166	1.5889E-8
645.453	1.59107E-8
645.741	1.59314E-8
646.029	1.59497E-8
646.316	1.5966E-8
646.604	1.59789E-8
646.891	1.59952E-8
647.179	1.6005E-8
647.466	1.60149E-8
647.753	1.60288E-8
648.04	1.60323E-8
648.327	1.60464E-8
648.614	1.60507E-8
648.901	1.60654E-8
649.188	1.60749E-8
649.475	1.60882E-8
649.761	1.61027E-8
650.048	1.61107E-8
650.334	1.61238E-8
650.621	1.61325E-8
650.907	1.61421E-8
651.194	1.61581E-8
651.48	1.6169E-8
651.766	1.61814E-8
652.052	1.61943E-8
652.338	1.62122E-8
652.624	1.62197E-8
652.91	1.62328E-8
653.196	1.62464E-8
653.481	1.62552E-8
653.767	1.62699E-8
654.053	1.62785E-8
654.338	1.62845E-8
654.624	1.62881E-8
654.909	1.62979E-8
655.194	1.63007E-8
655.48	1.63029E-8
655.765	1.63073E-8
656.05	1.63115E-8
656.335	1.63203E-8
656.62	1.63291E-8
656.905	1.63415E-8
657.19	1.63505E-8
657.474	1.6359E-8
657.759	1.63665E-8
658.044	1.63731E-8
658.328	1.6377E-8
658.613	1.63815E-8
658.897	1.63909E-8
659.181	1.63957E-8
659.465	1.63939E-8
659.75	1.64027E-8
660.034	1.64023E-8
660.318	1.64078E-8
660.602	1.64194E-8
660.886	1.64262E-8
661.169	1.64326E-8
661.453	1.64361E-8
661.737	1.64361E-8
662.02	1.64376E-8
662.304	1.64418E-8
662.587	1.6458E-8
662.871	1.64558E-8
663.154	1.6461E-8
663.437	1.64658E-8
663.72	1.64665E-8
664.003	1.64739E-8
664.287	1.64772E-8
664.569	1.64907E-8
664.852	1.64997E-8
665.135	1.65114E-8
665.418	1.65165E-8
665.701	1.6516E-8
665.983	1.6525E-8
666.266	1.65263E-8
666.548	1.65327E-8
666.831	1.65361E-8
667.113	1.65416E-8
667.395	1.65505E-8
667.677	1.65573E-8
667.959	1.65711E-8
668.241	1.65765E-8
668.523	1.6591E-8
668.805	1.66002E-8
669.087	1.66134E-8
669.369	1.66229E-8
669.651	1.66278E-8
669.932	1.66378E-8
670.214	1.66506E-8
670.495	1.66564E-8
670.777	1.66589E-8
671.058	1.66558E-8
671.339	1.66619E-8
671.62	1.66618E-8
671.902	1.66724E-8
672.183	1.66695E-8
672.464	1.66832E-8
672.744	1.66937E-8
673.025	1.67084E-8
673.306	1.67115E-8
673.587	1.67279E-8
673.867	1.67359E-8
674.148	1.67448E-8
674.428	1.67485E-8
674.709	1.67554E-8
674.989	1.67569E-8
675.27	1.67673E-8
675.55	1.67653E-8
675.83	1.67663E-8
676.11	1.67702E-8
676.39	1.67796E-8
676.67	1.67769E-8
676.95	1.67921E-8
677.23	1.68025E-8
677.509	1.68133E-8
677.789	1.6821E-8
678.069	1.68352E-8
678.348	1.68449E-8
678.628	1.68566E-8
678.907	1.68769E-8
679.186	1.68809E-8
679.465	1.68801E-8
679.745	1.68858E-8
680.024	1.68837E-8
680.303	1.68917E-8
680.582	1.68964E-8
680.861	1.69097E-8
681.139	1.69145E-8
681.418	1.69261E-8
681.697	1.69451E-8
681.976	1.69563E-8
682.254	1.69718E-8
682.533	1.69889E-8
682.811	1.70057E-8
683.089	1.70222E-8
683.368	1.70363E-8
683.646	1.70457E-8
683.924	1.70468E-8
684.202	1.70507E-8
684.48	1.70525E-8
684.758	1.70419E-8
685.036	1.7042E-8
685.314	1.7039E-8
685.591	1.70441E-8
685.869	1.70498E-8
686.147	1.70635E-8
686.424	1.70749E-8
686.702	1.70928E-8
686.979	1.71142E-8
687.256	1.71336E-8
687.533	1.71493E-8
687.811	1.71748E-8
688.088	1.71915E-8
688.365	1.72083E-8
688.642	1.72154E-8
688.919	1.72286E-8
689.195	1.72254E-8
689.472	1.72263E-8
689.749	1.7234E-8
690.026	1.7238E-8
690.302	1.7243E-8
690.579	1.72551E-8
690.855	1.72648E-8
691.131	1.72758E-8
691.408	1.72961E-8
691.684	1.73222E-8
691.96	1.73411E-8
692.236	1.73614E-8
692.512	1.73866E-8
692.788	1.73968E-8
693.064	1.74122E-8
693.34	1.74236E-8
693.616	1.74313E-8
693.891	1.74354E-8
694.167	1.74344E-8
694.442	1.74247E-8
694.718	1.74135E-8
694.993	1.74044E-8
695.269	1.74042E-8
695.544	1.74013E-8
695.819	1.74134E-8
696.094	1.74198E-8
696.369	1.74271E-8
696.644	1.74436E-8
696.919	1.74604E-8
697.194	1.74752E-8
697.469	1.74872E-8
697.744	1.75052E-8
698.018	1.751E-8
698.293	1.75095E-8
698.568	1.75073E-8
698.842	1.74995E-8
699.116	1.74972E-8
699.391	1.75008E-8
699.665	1.74991E-8
699.939	1.75031E-8
700.213	1.75159E-8
700.487	1.75308E-8
700.761	1.75502E-8
701.035	1.75836E-8
701.309	1.76104E-8
701.583	1.76356E-8
701.857	1.76603E-8
702.13	1.76717E-8
702.404	1.76784E-8
702.678	1.76819E-8
702.951	1.76779E-8
703.224	1.76725E-8
703.498	1.76688E-8
703.771	1.76597E-8
704.044	1.76512E-8
704.317	1.76583E-8
704.59	1.76663E-8
704.863	1.76795E-8
705.136	1.7696E-8
705.409	1.77238E-8
705.682	1.77434E-8
705.955	1.77706E-8
706.227	1.77903E-8
706.5	1.78142E-8
706.772	1.7834E-8
707.045	1.78524E-8
707.317	1.78649E-8
707.59	1.78767E-8
707.862	1.78812E-8
708.134	1.78839E-8
708.406	1.78795E-8
708.678	1.7876E-8
708.95	1.78775E-8
709.222	1.78822E-8
709.494	1.78992E-8
709.766	1.79137E-8
710.038	1.79374E-8
710.309	1.79531E-8
710.581	1.79705E-8
710.852	1.79943E-8
711.124	1.80202E-8
711.395	1.80446E-8
711.667	1.80749E-8
711.938	1.80907E-8
712.209	1.81113E-8
712.48	1.81195E-8
712.751	1.81304E-8
713.022	1.81239E-8
713.293	1.81307E-8
713.564	1.81329E-8
713.835	1.81387E-8
714.106	1.81486E-8
714.377	1.81602E-8
714.647	1.81887E-8
714.918	1.82181E-8
715.188	1.82495E-8
715.459	1.82807E-8
715.729	1.83123E-8
715.999	1.83481E-8
716.27	1.83725E-8
716.54	1.83978E-8
716.81	1.84235E-8
717.08	1.84509E-8
717.35	1.8474E-8
717.62	1.84884E-8
717.89	1.84993E-8
718.159	1.85259E-8
718.429	1.85515E-8
718.699	1.85814E-8
718.968	1.86157E-8
719.238	1.86614E-8
719.507	1.87173E-8
719.777	1.87524E-8
720.046	1.88004E-8
720.315	1.88514E-8
720.584	1.88991E-8
720.853	1.89518E-8
721.123	1.89782E-8
721.391	1.90074E-8
721.66	1.90319E-8
721.929	1.90462E-8
722.198	1.90632E-8
722.467	1.90694E-8
722.735	1.90874E-8
723.004	1.90943E-8
723.273	1.91067E-8
723.541	1.91125E-8
723.81	1.91231E-8
724.078	1.91384E-8
724.346	1.91501E-8
724.614	1.9156E-8
724.883	1.91772E-8
725.151	1.91912E-8
725.419	1.9205E-8
725.687	1.92358E-8
725.955	1.92678E-8
726.222	1.92838E-8
726.49	1.93046E-8
726.758	1.93242E-8
727.025	1.93385E-8
727.293	1.93502E-8
727.561	1.93687E-8
727.828	1.93751E-8
728.095	1.93802E-8
728.363	1.93894E-8
728.63	1.93818E-8
728.897	1.93728E-8
729.164	1.93797E-8
729.431	1.93789E-8
729.698	1.93849E-8
729.965	1.94014E-8
730.232	1.94223E-8
730.499	1.94513E-8
730.766	1.94789E-8
731.032	1.95056E-8
731.299	1.95323E-8
731.566	1.95626E-8
731.832	1.95818E-8
732.099	1.95965E-8
732.365	1.96112E-8
732.631	1.96145E-8
732.897	1.96125E-8
733.164	1.9602E-8
733.43	1.9586E-8
733.696	1.9573E-8
733.962	1.95527E-8
734.228	1.95495E-8
734.494	1.95354E-8
734.759	1.95398E-8
735.025	1.95404E-8
735.291	1.95545E-8
735.556	1.9583E-8
735.822	1.96083E-8
736.087	1.96373E-8
736.353	1.96629E-8
736.618	1.9693E-8
736.883	1.97273E-8
737.149	1.97453E-8
737.414	1.97749E-8
737.679	1.97848E-8
737.944	1.98034E-8
738.209	1.98146E-8
738.474	1.9806E-8
738.739	1.9806E-8
739.004	1.98063E-8
739.268	1.98101E-8
739.533	1.98168E-8
739.798	1.98251E-8
740.062	1.9835E-8
740.327	1.98463E-8
740.591	1.98676E-8
740.855	1.98859E-8
741.12	1.99E-8
741.384	1.99306E-8
741.648	1.99557E-8
741.912	1.99739E-8
742.176	2.00016E-8
742.44	2.00218E-8
742.704	2.00348E-8
742.968	2.0051E-8
743.232	2.00569E-8
743.495	2.00601E-8
743.759	2.0068E-8
744.023	2.00703E-8
744.286	2.00668E-8
744.55	2.0065E-8
744.813	2.00756E-8
745.076	2.00697E-8
745.34	2.00709E-8
745.603	2.00847E-8
745.866	2.00909E-8
746.129	2.01086E-8
746.392	2.01233E-8
746.655	2.01383E-8
746.918	2.01618E-8
747.181	2.01911E-8
747.444	2.02177E-8
747.707	2.02517E-8
747.969	2.02839E-8
748.232	2.03117E-8
748.494	2.03325E-8
748.757	2.03628E-8
749.019	2.03778E-8
749.282	2.0398E-8
749.544	2.04034E-8
749.806	2.04191E-8
750.068	2.04278E-8
750.331	2.04355E-8
750.593	2.04347E-8
750.855	2.04298E-8
751.116	2.04329E-8
751.378	2.04323E-8
751.64	2.04383E-8
751.902	2.0447E-8
752.164	2.04619E-8
752.425	2.04945E-8
752.687	2.05108E-8
752.948	2.0532E-8
753.21	2.05575E-8
753.471	2.05873E-8
753.732	2.06324E-8
753.994	2.06704E-8
754.255	2.07197E-8
754.516	2.07514E-8
754.777	2.07836E-8
755.038	2.08185E-8
755.299	2.08367E-8
755.56	2.08598E-8
755.821	2.08795E-8
756.082	2.08946E-8
756.342	2.09075E-8
756.603	2.09228E-8
756.864	2.09318E-8
757.124	2.0937E-8
757.385	2.0947E-8
757.645	2.09624E-8
757.905	2.09717E-8
758.166	2.09876E-8
758.426	2.10071E-8
758.686	2.10244E-8
758.946	2.10477E-8
759.206	2.10629E-8
759.466	2.10806E-8
759.726	2.11001E-8
759.986	2.11324E-8
760.246	2.11555E-8
760.506	2.11917E-8
760.765	2.12191E-8
761.025	2.12526E-8
761.284	2.12887E-8
761.544	2.13205E-8
761.803	2.13481E-8
762.063	2.13774E-8
762.322	2.13984E-8
762.581	2.1421E-8
762.841	2.14219E-8
763.1	2.14379E-8
763.359	2.14448E-8
763.618	2.14613E-8
763.877	2.14675E-8
764.136	2.14739E-8
764.394	2.14826E-8
764.653	2.15116E-8
764.912	2.15346E-8
765.171	2.15622E-8
765.429	2.16005E-8
765.688	2.16396E-8
765.946	2.16741E-8
766.205	2.17055E-8
766.463	2.17304E-8
766.721	2.17593E-8
766.98	2.17838E-8
767.238	2.18095E-8
767.496	2.18131E-8
767.754	2.18365E-8
768.012	2.18514E-8
768.27	2.18489E-8
768.528	2.18609E-8
768.786	2.18639E-8
769.043	2.18787E-8
769.301	2.18909E-8
769.559	2.19034E-8
769.816	2.19208E-8
770.074	2.19344E-8
770.331	2.19545E-8
770.589	2.19688E-8
770.846	2.19874E-8
771.103	2.20186E-8
771.361	2.2048E-8
771.618	2.20931E-8
771.875	2.21268E-8
772.132	2.21694E-8
772.389	2.22239E-8
772.646	2.22627E-8
772.903	2.23167E-8
773.16	2.23605E-8
773.417	2.24122E-8
773.673	2.24469E-8
773.93	2.2487E-8
774.186	2.25081E-8
774.443	2.25181E-8
774.699	2.25293E-8
774.956	2.25369E-8
775.212	2.25299E-8
775.469	2.25414E-8
775.725	2.25458E-8
775.981	2.25642E-8
776.237	2.25749E-8
776.493	2.25935E-8
776.749	2.26142E-8
777.005	2.26562E-8
777.261	2.26923E-8
777.517	2.27419E-8
777.773	2.27885E-8
778.028	2.28363E-8
778.284	2.28819E-8
778.54	2.29183E-8
778.795	2.29527E-8
779.051	2.29815E-8
779.306	2.30128E-8
779.561	2.303E-8
779.817	2.30344E-8
780.072	2.30506E-8
780.327	2.3059E-8
780.582	2.30735E-8
780.837	2.30874E-8
781.092	2.3093E-8
781.347	2.31171E-8
781.602	2.31265E-8
781.857	2.31527E-8
782.112	2.31851E-8
782.367	2.32344E-8
782.621	2.32866E-8
782.876	2.33345E-8
783.13	2.33725E-8
783.385	2.34181E-8
783.639	2.34616E-8
783.894	2.35063E-8
784.148	2.35407E-8
784.402	2.35862E-8
784.656	2.36114E-8
784.911	2.36231E-8
785.165	2.36274E-8
785.419	2.36346E-8
785.673	2.36365E-8
785.927	2.36469E-8
786.181	2.36515E-8
786.434	2.36553E-8
786.688	2.36635E-8
786.942	2.36805E-8
787.195	2.36988E-8
787.449	2.37236E-8
787.703	2.37593E-8
787.956	2.38044E-8
788.209	2.38452E-8
788.463	2.38976E-8
788.716	2.39465E-8
788.969	2.39825E-8
789.222	2.40362E-8
789.476	2.40842E-8
789.729	2.41233E-8
789.982	2.41509E-8
790.235	2.41879E-8
790.487	2.42271E-8
790.74	2.4244E-8
790.993	2.42761E-8
791.246	2.42896E-8
791.498	2.43038E-8
791.751	2.43396E-8
792.004	2.43511E-8
792.256	2.43704E-8
792.509	2.43893E-8
792.761	2.44227E-8
793.013	2.44457E-8
793.266	2.44672E-8
793.518	2.44975E-8
793.77	2.45195E-8
794.022	2.45557E-8
794.274	2.45999E-8
794.526	2.46338E-8
794.778	2.46758E-8
795.03	2.47201E-8
795.282	2.47556E-8
795.533	2.4794E-8
795.785	2.48288E-8
796.037	2.4875E-8
796.288	2.49172E-8
796.54	2.49607E-8
796.791	2.50043E-8
797.043	2.50337E-8
797.294	2.50679E-8
797.546	2.5107E-8
797.797	2.51353E-8
798.048	2.51693E-8
798.299	2.51939E-8
798.55	2.5224E-8
798.801	2.52309E-8
799.052	2.52534E-8
799.303	2.5271E-8
799.554	2.5282E-8
799.805	2.53086E-8
800.056	2.53276E-8
800.306	2.53517E-8
800.557	2.53913E-8
800.808	2.54196E-8
801.058	2.54605E-8
801.309	2.55004E-8
801.559	2.55586E-8
801.809	2.56065E-8
802.06	2.56579E-8
802.31	2.57145E-8
802.56	2.5761E-8
802.81	2.58096E-8
803.06	2.58538E-8
803.31	2.58803E-8
803.56	2.59297E-8
803.81	2.59681E-8
804.06	2.60017E-8
804.31	2.60421E-8
804.56	2.60697E-8
804.809	2.61068E-8
805.059	2.61343E-8
805.309	2.61612E-8
805.558	2.61923E-8
805.808	2.62206E-8
806.057	2.62601E-8
806.307	2.62813E-8
806.556	2.63001E-8
806.805	2.63279E-8
807.054	2.6328E-8
807.303	2.63538E-8
807.553	2.63678E-8
807.802	2.63982E-8
808.051	2.64183E-8
808.3	2.64448E-8
808.548	2.64896E-8
808.797	2.65203E-8
809.046	2.6568E-8
809.295	2.66163E-8
809.543	2.66566E-8
809.792	2.67279E-8
810.041	2.67711E-8
810.289	2.68155E-8
810.538	2.68614E-8
810.786	2.69219E-8
811.034	2.69741E-8
811.283	2.70046E-8
811.531	2.70511E-8
811.779	2.70857E-8
812.027	2.7132E-8
812.275	2.71717E-8
812.523	2.72024E-8
812.771	2.72466E-8
813.019	2.72905E-8
813.267	2.73353E-8
813.515	2.73644E-8
813.762	2.7404E-8
814.01	2.74405E-8
814.258	2.74722E-8
814.505	2.75095E-8
814.753	2.75395E-8
815	2.75758E-8
815.248	2.76E-8
815.495	2.76236E-8
815.742	2.76506E-8
815.99	2.76695E-8
816.237	2.77013E-8
816.484	2.77237E-8
816.731	2.77527E-8
816.978	2.77958E-8
817.225	2.7839E-8
817.472	2.78721E-8
817.719	2.79261E-8
817.966	2.79894E-8
818.212	2.80398E-8
818.459	2.80903E-8
818.706	2.81531E-8
818.952	2.8206E-8
819.199	2.82583E-8
819.446	2.83077E-8
819.692	2.83555E-8
819.938	2.83968E-8
820.185	2.845E-8
820.431	2.84826E-8
820.677	2.85123E-8
820.923	2.85417E-8
821.17	2.85771E-8
821.416	2.86001E-8
821.662	2.86289E-8
821.908	2.86496E-8
822.154	2.86889E-8
822.399	2.8715E-8
822.645	2.87363E-8
822.891	2.87558E-8
823.137	2.87914E-8
823.382	2.88159E-8
823.628	2.88579E-8
823.874	2.89047E-8
824.119	2.89427E-8
824.364	2.8986E-8
824.61	2.90346E-8
824.855	2.90684E-8
825.1	2.91103E-8
825.346	2.91716E-8
825.591	2.92376E-8
825.836	2.92951E-8
826.081	2.93517E-8
826.326	2.94189E-8
826.571	2.94757E-8
826.816	2.95344E-8
827.061	2.96042E-8
827.306	2.96605E-8
827.55	2.97289E-8
827.795	2.97743E-8
828.04	2.98197E-8
828.284	2.98514E-8
828.529	2.98749E-8
828.773	2.9908E-8
829.018	2.99207E-8
829.262	2.99371E-8
829.507	2.9947E-8
829.751	2.9938E-8
829.995	2.99317E-8
830.239	2.99197E-8
830.483	2.99274E-8
830.728	2.99285E-8
830.972	2.99418E-8
831.216	2.99546E-8
831.459	2.99869E-8
831.703	3.00277E-8
831.947	3.00544E-8
832.191	3.00993E-8
832.435	3.01601E-8
832.678	3.02259E-8
832.922	3.03021E-8
833.166	3.03632E-8
833.409	3.04262E-8
833.652	3.04886E-8
833.896	3.05622E-8
834.139	3.06147E-8
834.383	3.06676E-8
834.626	3.07354E-8
834.869	3.07933E-8
835.112	3.08382E-8
835.355	3.08902E-8
835.598	3.09315E-8
835.841	3.09724E-8
836.084	3.10217E-8
836.327	3.10536E-8
836.57	3.10902E-8
836.813	3.11057E-8
837.056	3.11276E-8
837.298	3.1129E-8
837.541	3.11437E-8
837.783	3.1154E-8
838.026	3.11559E-8
838.268	3.11523E-8
838.511	3.11582E-8
838.753	3.11586E-8
838.996	3.11679E-8
839.238	3.11731E-8
839.48	3.11961E-8
839.722	3.12144E-8
839.964	3.12436E-8
840.206	3.12687E-8
840.448	3.13048E-8
840.69	3.13412E-8
840.932	3.13988E-8
841.174	3.14467E-8
841.416	3.15078E-8
841.658	3.15714E-8
841.9	3.16468E-8
842.141	3.17144E-8
842.383	3.17965E-8
842.624	3.18648E-8
842.866	3.19317E-8
843.107	3.19852E-8
843.349	3.20412E-8
843.59	3.20781E-8
843.832	3.21376E-8
844.073	3.21745E-8
844.314	3.22198E-8
844.555	3.22486E-8
844.796	3.22913E-8
845.037	3.23266E-8
845.278	3.2364E-8
845.519	3.24092E-8
845.76	3.24587E-8
846.001	3.24956E-8
846.242	3.25342E-8
846.483	3.25422E-8
846.723	3.25681E-8
846.964	3.25721E-8
847.205	3.25782E-8
847.445	3.25936E-8
847.686	3.25851E-8
847.926	3.25911E-8
848.167	3.25929E-8
848.407	3.26019E-8
848.647	3.26276E-8
848.888	3.26473E-8
849.128	3.26954E-8
849.368	3.27389E-8
849.608	3.28111E-8
849.848	3.28875E-8
850.088	3.29524E-8
850.328	3.30458E-8
850.568	3.31356E-8
850.808	3.32104E-8
851.048	3.32982E-8
851.288	3.33779E-8
851.527	3.34766E-8
851.767	3.35569E-8
852.007	3.3623E-8
852.246	3.36914E-8
852.486	3.37427E-8
852.725	3.37961E-8
852.965	3.38298E-8
853.204	3.38671E-8
853.443	3.39021E-8
853.683	3.39141E-8
853.922	3.39444E-8
854.161	3.39475E-8
854.4	3.39663E-8
854.639	3.39866E-8
854.878	3.39813E-8
855.117	3.39948E-8
855.356	3.4016E-8
855.595	3.40334E-8
855.834	3.40692E-8
856.073	3.41038E-8
856.311	3.41581E-8
856.55	3.41986E-8
856.789	3.42519E-8
857.027	3.4325E-8
857.266	3.43955E-8
857.504	3.44957E-8
857.743	3.45893E-8
857.981	3.46901E-8
858.219	3.47879E-8
858.458	3.48742E-8
858.696	3.49737E-8
858.934	3.50487E-8
859.172	3.51427E-8
859.411	3.52228E-8
859.649	3.52711E-8
859.887	3.53321E-8
860.125	3.53608E-8
860.362	3.53957E-8
860.6	3.54115E-8
860.838	3.54489E-8
861.076	3.54596E-8
861.314	3.549E-8
861.551	3.55265E-8
861.789	3.55481E-8
862.026	3.55683E-8
862.264	3.55987E-8
862.501	3.56268E-8
862.739	3.5675E-8
862.976	3.57357E-8
863.214	3.57983E-8
863.451	3.58487E-8
863.688	3.59276E-8
863.925	3.59894E-8
864.162	3.60768E-8
864.4	3.61618E-8
864.637	3.62618E-8
864.874	3.63677E-8
865.111	3.64534E-8
865.347	3.65653E-8
865.584	3.6627E-8
865.821	3.67179E-8
866.058	3.67965E-8
866.295	3.68863E-8
866.531	3.69617E-8
866.768	3.70299E-8
867.004	3.70873E-8
867.241	3.71436E-8
867.477	3.71984E-8
867.714	3.72701E-8
867.95	3.73271E-8
868.187	3.74009E-8
868.423	3.74521E-8
868.659	3.75078E-8
868.895	3.75509E-8
869.131	3.75937E-8
869.368	3.7648E-8
869.604	3.77195E-8
869.84	3.77863E-8
870.076	3.78325E-8
870.312	3.78945E-8
870.547	3.79339E-8
870.783	3.79734E-8
871.019	3.80308E-8
871.255	3.80834E-8
871.49	3.8133E-8
871.726	3.82192E-8
871.962	3.82705E-8
872.197	3.83263E-8
872.433	3.84001E-8
872.668	3.84855E-8
872.903	3.85664E-8
873.139	3.86599E-8
873.374	3.87712E-8
873.609	3.88683E-8
873.845	3.89988E-8
874.08	3.91259E-8
874.315	3.92108E-8
874.55	3.93283E-8
874.785	3.94554E-8
875.02	3.9572E-8
875.255	3.96802E-8
875.49	3.97933E-8
875.724	3.99105E-8
875.959	4.00098E-8
876.194	4.01121E-8
876.429	4.02029E-8
876.663	4.02755E-8
876.898	4.03853E-8
877.133	4.04633E-8
877.367	4.05398E-8
877.601	4.06296E-8
877.836	4.07312E-8
878.07	4.08162E-8
878.305	4.08754E-8
878.539	4.09449E-8
878.773	4.09998E-8
879.007	4.10282E-8
879.241	4.11027E-8
879.476	4.11563E-8
879.71	4.12352E-8
879.944	4.12848E-8
880.178	4.13193E-8
880.411	4.13819E-8
880.645	4.14464E-8
880.879	4.14987E-8
881.113	4.15888E-8
881.347	4.16733E-8
881.58	4.17764E-8
881.814	4.18615E-8
882.048	4.19371E-8
882.281	4.2E-8
882.515	4.20998E-8
882.748	4.21909E-8
882.981	4.22441E-8
883.215	4.22886E-8
883.448	4.23549E-8
883.681	4.23884E-8
883.915	4.24376E-8
884.148	4.24854E-8
884.381	4.25338E-8
884.614	4.26095E-8
884.847	4.26802E-8
885.08	4.27402E-8
885.313	4.28055E-8
885.546	4.28778E-8
885.779	4.2936E-8
886.012	4.30189E-8
886.244	4.30839E-8
886.477	4.3161E-8
886.71	4.32276E-8
886.943	4.32774E-8
887.175	4.33276E-8
887.408	4.33679E-8
887.64	4.33874E-8
887.873	4.34155E-8
888.105	4.34565E-8
888.337	4.35092E-8
888.57	4.35436E-8
888.802	4.35951E-8
889.034	4.36137E-8
889.266	4.36382E-8
889.499	4.36731E-8
889.731	4.36882E-8
889.963	4.37501E-8
890.195	4.38283E-8
890.427	4.39096E-8
890.659	4.39595E-8
890.891	4.40464E-8
891.122	4.41271E-8
891.354	4.42176E-8
891.586	4.43356E-8
891.818	4.44364E-8
892.049	4.45321E-8
892.281	4.46445E-8
892.512	4.47122E-8
892.744	4.47821E-8
892.976	4.48575E-8
893.207	4.49696E-8
893.438	4.50509E-8
893.67	4.51444E-8
893.901	4.52084E-8
894.132	4.52707E-8
894.363	4.53651E-8
894.595	4.54578E-8
894.826	4.55489E-8
895.057	4.56425E-8
895.288	4.57422E-8
895.519	4.58308E-8
895.75	4.5895E-8
895.981	4.59442E-8
896.212	4.60046E-8
896.442	4.60606E-8
896.673	4.61154E-8
896.904	4.6139E-8
897.135	4.61825E-8
897.365	4.61986E-8
897.596	4.62489E-8
897.826	4.62689E-8
898.057	4.62863E-8
898.287	4.63287E-8
898.518	4.64039E-8
898.748	4.64553E-8
898.979	4.65423E-8
899.209	4.66195E-8
899.439	4.67213E-8
899.669	4.68087E-8
899.9	4.69216E-8
900.13	4.7018E-8
900.36	4.71227E-8
900.59	4.7247E-8
900.82	4.73573E-8
901.05	4.74652E-8
901.28	4.75733E-8
901.51	4.76841E-8
901.739	4.77916E-8
901.969	4.7919E-8
902.199	4.80351E-8
902.429	4.81609E-8
902.658	4.82531E-8
902.888	4.83694E-8
903.117	4.84589E-8
903.347	4.85371E-8
903.576	4.86046E-8
903.806	4.86882E-8
904.035	4.87417E-8
904.265	4.88143E-8
904.494	4.88644E-8
904.723	4.8906E-8
904.952	4.8933E-8
905.182	4.8991E-8
905.411	4.90264E-8
905.64	4.909E-8
905.869	4.91202E-8
906.098	4.91815E-8
906.327	4.92411E-8
906.556	4.93149E-8
906.785	4.94051E-8
907.014	4.95031E-8
907.242	4.96094E-8
907.471	4.97392E-8
907.7	4.98616E-8
907.928	5.00099E-8
908.157	5.0125E-8
908.386	5.02849E-8
908.614	5.04291E-8
908.843	5.05662E-8
909.071	5.06943E-8
909.3	5.0792E-8
909.528	5.08724E-8
909.756	5.09618E-8
909.985	5.10513E-8
910.213	5.11259E-8
910.441	5.11813E-8
910.669	5.12962E-8
910.897	5.14254E-8
911.125	5.15527E-8
911.354	5.16764E-8
911.582	5.18168E-8
911.809	5.19227E-8
912.037	5.20769E-8
912.265	5.22411E-8
912.493	5.23603E-8
912.721	5.2528E-8
912.949	5.26784E-8
913.176	5.27991E-8
913.404	5.28677E-8
913.632	5.29551E-8
913.859	5.30243E-8
914.087	5.31009E-8
914.314	5.32206E-8
914.542	5.3337E-8
914.769	5.34639E-8
914.997	5.36105E-8
915.224	5.37432E-8
915.451	5.38883E-8
915.678	5.40366E-8
915.906	5.42208E-8
916.133	5.43518E-8
916.36	5.45229E-8
916.587	5.46887E-8
916.814	5.4853E-8
917.041	5.49673E-8
917.268	5.50768E-8
917.495	5.52078E-8
917.722	5.53039E-8
917.949	5.54414E-8
918.176	5.55449E-8
918.402	5.56915E-8
918.629	5.58497E-8
918.856	5.60284E-8
919.082	5.61835E-8
919.309	5.6343E-8
919.535	5.64931E-8
919.762	5.66121E-8
919.988	5.67027E-8
920.215	5.68393E-8
920.441	5.69115E-8
920.668	5.70317E-8
920.894	5.71296E-8
921.12	5.72697E-8
921.346	5.73918E-8
921.573	5.75636E-8
921.799	5.77213E-8
922.025	5.7918E-8
922.251	5.81348E-8
922.477	5.83512E-8
922.703	5.85632E-8
922.929	5.87926E-8
923.155	5.89823E-8
923.381	5.91877E-8
923.607	5.93834E-8
923.832	5.95454E-8
924.058	5.97279E-8
924.284	5.99012E-8
924.509	6.01134E-8
924.735	6.0329E-8
924.961	6.05649E-8
925.186	6.08099E-8
925.412	6.10342E-8
925.637	6.12597E-8
925.863	6.14577E-8
926.088	6.16748E-8
926.313	6.19273E-8
926.539	6.2147E-8
926.764	6.24143E-8
926.989	6.26355E-8
927.214	6.28759E-8
927.44	6.31339E-8
927.665	6.33621E-8
927.89	6.36699E-8
928.115	6.40277E-8
928.34	6.44065E-8
928.565	6.47643E-8
928.79	6.51178E-8
929.014	6.55052E-8
929.239	6.586E-8
929.464	6.62893E-8
929.689	6.6693E-8
929.914	6.70584E-8
930.138	6.74535E-8
930.363	6.78264E-8
930.587	6.80973E-8
930.812	6.83325E-8
931.037	6.85934E-8
931.261	6.88397E-8
931.485	6.94202E-8
931.71	6.9878E-8
931.934	7.01394E-8
932.159	7.04832E-8
932.383	7.09889E-8
932.607	7.21446E-8
932.831	7.2759E-8
933.055	0
933.28	0
933.504	0
933.728	0