343.645	0
344.012	0
344.378	0
344.745	0
345.112	1.80372562891132E-8
345.478	2.00653307503652E-8
345.845	2.01784768866299E-8
346.211	2.09442017605044E-8
346.578	2.15095283318251E-8
346.944	2.13684198986746E-8
347.31	2.20371566020294E-8
347.676	2.24765551519821E-8
348.042	2.301893748962E-8
348.408	2.28002222510548E-8
348.773	2.4492804886889E-8
349.139	2.52046775414924E-8
349.505	2.58572449734971E-8
349.87	2.7043885129172E-8
350.235	2.81931920516768E-8
350.601	2.85366426447577E-8
350.966	2.88381117150262E-8
351.331	2.93280476623076E-8
351.696	3.06360070543844E-8
352.061	2.9811496951578E-8
352.425	2.84039783808166E-8
352.79	2.6418204802224E-8
353.155	2.60654959738107E-8
353.519	2.65389936855406E-8
353.884	2.63086572775448E-8
354.248	2.66476842868164E-8
354.612	2.6801738641741E-8
354.976	2.70617329598511E-8
355.34	2.7933547038803E-8
355.704	2.83607649266188E-8
356.068	2.91707737853507E-8
356.432	2.95814494164901E-8
356.795	2.99709695778023E-8
357.159	3.084553564539E-8
357.522	3.04076815948227E-8
357.886	3.11701517629623E-8
358.249	3.15196593598469E-8
358.612	3.15441747881314E-8
358.975	3.19124869585354E-8
359.338	3.26801290522155E-8
359.701	3.25634628237386E-8
360.064	3.33920504546988E-8
360.427	3.30603606190618E-8
360.789	3.39620615056264E-8
361.152	3.45230291227674E-8
361.514	3.51389366385642E-8
361.876	3.51263863461225E-8
362.239	3.51224342955862E-8
362.601	3.55474157645183E-8
362.963	3.54996400875735E-8
363.325	3.57177381158986E-8
363.686	3.6201027148213E-8
364.048	3.67440164635352E-8
364.41	3.68750606910217E-8
364.771	3.72521993183767E-8
365.133	3.77995396876588E-8
365.494	3.76127933135648E-8
365.856	3.80343783173133E-8
366.217	3.77839703838038E-8
366.578	3.79299577009856E-8
366.939	3.90024148886315E-8
367.3	3.8276068303099E-8
367.66	3.86352101208934E-8
368.021	3.84933377752376E-8
368.382	3.9592885546458E-8
368.742	3.93331601661652E-8
369.103	3.89856414211186E-8
369.463	3.91096772405827E-8
369.823	3.9822567533289E-8
370.183	4.00833342992731E-8
370.543	4.00400554294554E-8
370.903	4.01860279017473E-8
371.263	4.08733058506683E-8
371.623	4.12202188788693E-8
371.983	4.09080940563354E-8
372.342	4.19977630030054E-8
372.702	4.09559627363942E-8
373.061	4.08938978862395E-8
373.42	4.14455787056968E-8
373.78	4.13431191528526E-8
374.139	4.25143552728141E-8
374.498	4.17356513367466E-8
374.857	4.23187542534651E-8
375.216	4.15098133118441E-8
375.574	4.27546265021196E-8
375.933	4.21144224510639E-8
376.291	4.18616658219426E-8
376.65	4.21519749249165E-8
377.008	4.26404225443929E-8
377.367	4.26235965726227E-8
377.725	4.28234908402854E-8
378.083	4.21452195572611E-8
378.441	4.25961622032975E-8
378.799	4.20079312609757E-8
379.156	4.21591826719319E-8
379.514	4.27809849854203E-8
379.872	4.24595255069287E-8
380.229	4.27959536551433E-8
380.587	4.19323268118259E-8
380.944	4.27203968740048E-8
381.301	4.27382799246615E-8
381.658	4.28101008862423E-8
382.015	4.29638489107222E-8
382.372	4.26643291901162E-8
382.729	4.26725019364982E-8
383.086	4.28637564168933E-8
383.443	4.23713133588145E-8
383.799	4.29889754528517E-8
384.156	4.24833719698198E-8
384.512	4.28421797055844E-8
384.869	4.27321997147884E-8
385.225	4.25790373147047E-8
385.581	4.27575601737865E-8
385.937	4.25775369151744E-8
386.293	4.26716796291463E-8
386.649	4.21762107440363E-8
387.004	4.24162409901004E-8
387.36	4.21062782963166E-8
387.716	4.21441103687798E-8
388.071	4.26470385324124E-8
388.426	4.32688648221787E-8
388.782	4.36955215778884E-8
389.137	4.30313021546193E-8
389.492	4.39548033049102E-8
389.847	4.44971502190177E-8
390.202	4.45365386987001E-8
390.557	4.48326785746729E-8
390.911	4.43641892667455E-8
391.266	4.46763534269247E-8
391.621	4.42599617769842E-8
391.975	4.38474784488498E-8
392.329	4.38385145793404E-8
392.684	4.34103091272661E-8
393.038	4.36620518530911E-8
393.392	4.39673216152452E-8
393.746	4.29543003329259E-8
394.1	4.28235630988668E-8
394.454	4.27517072987089E-8
394.807	4.26639117061113E-8
395.161	4.29848548755541E-8
395.514	4.2032346410365E-8
395.868	4.22402851340582E-8
396.221	4.10384663750055E-8
396.574	4.09220392241775E-8
396.928	4.04407810180046E-8
397.281	3.9811823186642E-8
397.634	3.97161155337213E-8
397.986	3.91693590515149E-8
398.339	3.90946082005038E-8
398.692	3.97896927803249E-8
399.045	3.99352090491382E-8
399.397	4.02051701313094E-8
399.749	4.01767111293479E-8
400.102	4.06434152973811E-8
400.454	3.99937644595383E-8
400.806	3.9631193308218E-8
401.158	4.03974529804814E-8
401.51	3.95362528409079E-8
401.862	3.95855054834587E-8
402.214	3.95578791988788E-8
402.565	3.99218555754241E-8
402.917	3.94699548095064E-8
403.269	3.92650278938254E-8
403.62	3.91502365635961E-8
403.971	3.92503201789689E-8
404.322	3.89785851431698E-8
404.674	3.9169430302202E-8
405.025	3.87406325293594E-8
405.376	3.8441695239397E-8
405.726	3.84995036276455E-8
406.077	3.84199368571115E-8
406.428	3.8402759262611E-8
406.778	3.82605123630576E-8
407.129	3.83284609322397E-8
407.479	3.77841987066012E-8
407.83	3.76083005486178E-8
408.18	3.7538597365017E-8
408.53	3.77296253174568E-8
408.88	3.73936584996166E-8
409.23	3.71728498354708E-8
409.58	3.71987830571678E-8
409.929	3.7184401869652E-8
410.279	3.68799522449251E-8
410.629	3.67563346324123E-8
410.978	3.66575378973279E-8
411.328	3.62087717273341E-8
411.677	3.60292134733951E-8
412.026	3.61707725097541E-8
412.375	3.5897314347069E-8
412.724	3.55497681450981E-8
413.073	3.57399359597595E-8
413.422	3.53626767513217E-8
413.771	3.53421620263794E-8
414.119	3.48834112620369E-8
414.468	3.46835018123413E-8
414.816	3.49460189436445E-8
415.165	3.4710606922649E-8
415.513	3.44199520802931E-8
415.861	3.4155551249226E-8
416.209	3.39132220765045E-8
416.557	3.38451122453456E-8
416.905	3.36772254573181E-8
417.253	3.35877983819236E-8
417.601	3.31484892157649E-8
417.948	3.34004164805001E-8
418.296	3.30964239849533E-8
418.644	3.28649888538178E-8
418.991	3.26025315538455E-8
419.338	3.24997146598559E-8
419.685	3.21535225133336E-8
420.032	3.21525231944346E-8
420.38	3.2034267681993E-8
420.726	3.17435583261402E-8
421.073	3.18118245701595E-8
421.42	3.18847577803225E-8
421.767	3.16053190898462E-8
422.113	3.15971314049319E-8
422.46	3.13163616917756E-8
422.806	3.11209477653772E-8
423.152	3.12621616773987E-8
423.499	3.09652181891037E-8
423.845	3.08689958543336E-8
424.191	3.09834988844921E-8
424.537	3.07592905874847E-8
424.882	3.0604970386845E-8
425.228	3.06808447405845E-8
425.574	3.04012750570159E-8
425.919	3.05475500908097E-8
426.265	3.03613951512552E-8
426.61	3.03755456159875E-8
426.956	3.01014565107691E-8
427.301	3.00393946130341E-8
427.646	3.01212545739227E-8
427.991	2.99830465009874E-8
428.336	2.98288160294367E-8
428.681	2.96506039374145E-8
429.025	2.97894323045256E-8
429.37	2.96260266902497E-8
429.715	2.96854497069808E-8
430.059	2.95156627790836E-8
430.404	2.94224528103957E-8
430.748	2.9520513640483E-8
431.092	2.91970011710187E-8
431.436	2.92998053742481E-8
431.78	2.89898541046977E-8
432.124	2.91992327286349E-8
432.468	2.90423581245019E-8
432.812	2.87414096318192E-8
433.155	2.88079239726116E-8
433.499	2.87069950239422E-8
433.843	2.85544721031289E-8
434.186	2.86152627049239E-8
434.529	2.84913592400416E-8
434.872	2.85701927391867E-8
435.216	2.85467916180323E-8
435.559	2.83250670230295E-8
435.902	2.81824080693209E-8
436.244	2.82752221205723E-8
436.587	2.82045058809658E-8
436.93	2.8036358217009E-8
437.272	2.79152390637669E-8
437.615	2.79462537314261E-8
437.957	2.7768151678998E-8
438.3	2.76665984170784E-8
438.642	2.76013934566298E-8
438.984	2.7500438699036E-8
439.326	2.74001066834329E-8
439.668	2.74372842254199E-8
440.01	2.71675889948371E-8
440.352	2.70713594412223E-8
440.693	2.69949461957684E-8
441.035	2.7044124180031E-8
441.377	2.70021014389058E-8
441.718	2.69152294498869E-8
442.059	2.70592785343829E-8
442.401	2.6779108932292E-8
442.742	2.68428957698057E-8
443.083	2.67386982688617E-8
443.424	2.6600070448321E-8
443.765	2.66363150619404E-8
444.106	2.65341529755948E-8
444.446	2.65246367841604E-8
444.787	2.64651690900705E-8
445.127	2.63288553093971E-8
445.468	2.63371526340259E-8
445.808	2.61317201277463E-8
446.148	2.60648023338922E-8
446.489	2.59550716354804E-8
446.829	2.58359213522553E-8
447.169	2.58894618464987E-8
447.509	2.58073005522301E-8
447.848	2.5739175554653E-8
448.188	2.57336711288838E-8
448.528	2.54925175400667E-8
448.867	2.54911536903811E-8
449.207	2.55280662102427E-8
449.546	2.54339963162447E-8
449.886	2.52580082019502E-8
450.225	2.52907751611633E-8
450.564	2.51252425944691E-8
450.903	2.51539535201268E-8
451.242	2.49284293099549E-8
451.581	2.48348636458783E-8
451.919	2.47000178092722E-8
452.258	2.47830587477976E-8
452.597	2.4748457978436E-8
452.935	2.45938783629443E-8
453.274	2.44035605969848E-8
453.612	2.44188167040064E-8
453.95	2.43204723691501E-8
454.288	2.42264177876706E-8
454.626	2.41123801332215E-8
454.964	2.41616646029597E-8
455.302	2.41506541367363E-8
455.64	2.41006241959586E-8
455.978	2.39045347898454E-8
456.315	2.39479359566965E-8
456.653	2.37937138218543E-8
456.99	2.38676650940126E-8
457.328	2.36550663523888E-8
457.665	2.36908034093064E-8
458.002	2.36111624761033E-8
458.339	2.35659061592571E-8
458.676	2.35202918323688E-8
459.013	2.34759138123559E-8
459.35	2.32180475782301E-8
459.686	2.31914605581262E-8
460.023	2.3302407000697E-8
460.36	2.31391767475479E-8
460.696	2.31269963054713E-8
461.032	2.31562594431135E-8
461.369	2.30416562761509E-8
461.705	2.30399694587602E-8
462.041	2.30353854993326E-8
462.377	2.29566030363053E-8
462.713	2.29439545853159E-8
463.049	2.29482400111779E-8
463.385	2.27958118625322E-8
463.72	2.28558277196413E-8
464.056	2.26669490687909E-8
464.391	2.26919164004499E-8
464.727	2.27513236640776E-8
465.062	2.26816425430261E-8
465.397	2.26946769239094E-8
465.732	2.26351186645972E-8
466.067	2.25382702974158E-8
466.402	2.25715884518436E-8
466.737	2.25183158658166E-8
467.072	2.24918465140812E-8
467.407	2.24129474524067E-8
467.741	2.2505082747629E-8
468.076	2.24157919629359E-8
468.41	2.23977635426995E-8
468.745	2.22806976775784E-8
469.079	2.22608699341495E-8
469.413	2.22464034992068E-8
469.747	2.23023582681111E-8
470.081	2.22089951263007E-8
470.415	2.22798862437291E-8
470.749	2.21324138603963E-8
471.083	2.20177774837307E-8
471.416	2.20893091482284E-8
471.75	2.20183534411148E-8
472.083	2.205433768901E-8
472.417	2.19584576742358E-8
472.75	2.19309375051878E-8
473.083	2.19324808431513E-8
473.416	2.18233222446619E-8
473.749	2.17373697118773E-8
474.082	2.18182176023441E-8
474.415	2.17066709935891E-8
474.748	2.18347113750735E-8
475.081	2.16033397181314E-8
475.413	2.17919351336507E-8
475.746	2.16020409027722E-8
476.078	2.16494398673283E-8
476.411	2.15309498162702E-8
476.743	2.14912166498546E-8
477.075	2.15071893871536E-8
477.407	2.14324512659929E-8
477.739	2.14543822093889E-8
478.071	2.14279006460446E-8
478.403	2.13411153397248E-8
478.735	2.13476593931247E-8
479.066	2.13264105442163E-8
479.398	2.12392106633864E-8
479.729	2.12683519533053E-8
480.061	2.11987512375515E-8
480.392	2.11800003831794E-8
480.723	2.12130587044551E-8
481.054	2.12176220874507E-8
481.385	2.1138251733037E-8
481.716	2.12148174325983E-8
482.047	2.11786163879173E-8
482.378	2.10469589449401E-8
482.709	2.10108279473167E-8
483.039	2.11275141527073E-8
483.37	2.10699084515591E-8
483.7	2.10666586904766E-8
484.031	2.10028789525746E-8
484.361	2.0982796126315E-8
484.691	2.09708128137242E-8
485.021	2.09546674970041E-8
485.351	2.09271724594301E-8
485.681	2.09177569748721E-8
486.011	2.09835114814934E-8
486.341	2.08200586774576E-8
486.67	2.09262505112982E-8
487	2.08110668228572E-8
487.329	2.09179061417084E-8
487.659	2.07926991741151E-8
487.988	2.07588209831784E-8
488.317	2.06721510745905E-8
488.646	2.07570071199135E-8
488.975	2.07304584661774E-8
489.304	2.07600408939846E-8
489.633	2.06839567144278E-8
489.962	2.07202495651272E-8
490.291	2.05711505240047E-8
490.619	2.06667257102119E-8
490.948	2.06278868511261E-8
491.276	2.06181626962646E-8
491.605	2.05674260998217E-8
491.933	2.05551097853515E-8
492.261	2.05730164615807E-8
492.589	2.05209473825735E-8
492.917	2.04633428501092E-8
493.245	2.04546722932858E-8
493.573	2.04846843536923E-8
493.901	2.03571309878723E-8
494.228	2.04098696923813E-8
494.556	2.03901022247146E-8
494.884	2.03049773420002E-8
495.211	2.03122318679886E-8
495.538	2.03296707395539E-8
495.866	2.02638893334145E-8
496.193	2.02447907323372E-8
496.52	2.02338832110872E-8
496.847	2.0215383353088E-8
497.174	2.02577772699896E-8
497.501	2.01818464614594E-8
497.827	2.01421523598875E-8
498.154	2.00992093653257E-8
498.48	2.01633786170925E-8
498.807	2.0096274934074E-8
499.133	2.01280213991013E-8
499.46	2.00492593445617E-8
499.786	2.00013608026903E-8
500.112	2.00400769169092E-8
500.438	2.00349266031256E-8
500.764	2.00003705220842E-8
501.09	2.00075048019547E-8
501.416	1.99696606548895E-8
501.741	1.99402702749014E-8
502.067	1.99513780192468E-8
502.393	1.99885567082983E-8
502.718	1.98772843643438E-8
503.043	1.99391838415632E-8
503.369	1.99095104254972E-8
503.694	1.98708478841073E-8
504.019	1.98552652582474E-8
504.344	1.98264320787344E-8
504.669	1.99205974901528E-8
504.994	1.97969928955566E-8
505.319	1.97460677632254E-8
505.643	1.97874029665194E-8
505.968	1.97582054033934E-8
506.292	1.97922499315319E-8
506.617	1.97494408429255E-8
506.941	1.97306521530145E-8
507.265	1.97637148771157E-8
507.59	1.96648705936487E-8
507.914	1.97124630034304E-8
508.238	1.97283342511253E-8
508.562	1.95891836092309E-8
508.885	1.972954926975E-8
509.209	1.96633589239633E-8
509.533	1.95789626329006E-8
509.856	1.965521850753E-8
510.18	1.95741344328818E-8
510.503	1.9608801157577E-8
510.827	1.95284903679267E-8
511.15	1.95468787863876E-8
511.473	1.95430580109484E-8
511.796	1.94664462542614E-8
512.119	1.94531099340582E-8
512.442	1.94671376828152E-8
512.765	1.95198054002352E-8
513.088	1.93999741171478E-8
513.41	1.94102964772648E-8
513.733	1.93889394438449E-8
514.055	1.94216465204042E-8
514.378	1.93619464757963E-8
514.7	1.93422690232647E-8
515.022	1.92761732157326E-8
515.344	1.92731900632604E-8
515.666	1.92981704993381E-8
515.988	1.9292524664479E-8
516.31	1.93101779584497E-8
516.632	1.92359282777575E-8
516.954	1.92293994920363E-8
517.276	1.9142682682557E-8
517.597	1.92726796220753E-8
517.919	1.91669741896366E-8
518.24	1.9136605664333E-8
518.561	1.91550105591475E-8
518.882	1.91504746410778E-8
519.204	1.91180150567655E-8
519.525	1.91065515257726E-8
519.846	1.90792864146204E-8
520.167	1.90302338981429E-8
520.487	1.90554137676401E-8
520.808	1.9046886957483E-8
521.129	1.89623587798636E-8
521.449	1.90263205153553E-8
521.77	1.89514752249932E-8
522.09	1.89634113104411E-8
522.41	1.89744144498216E-8
522.731	1.89046250206516E-8
523.051	1.89675948916568E-8
523.371	1.89054452669999E-8
523.691	1.89328709260905E-8
524.011	1.88080204588657E-8
524.33	1.88525572758755E-8
524.65	1.88578594201552E-8
524.97	1.87604311695127E-8
525.289	1.88671892420383E-8
525.609	1.87751474348116E-8
525.928	1.87700128411005E-8
526.247	1.87947280652003E-8
526.567	1.87241513394252E-8
526.886	1.87433837321017E-8
527.205	1.8751494568565E-8
527.524	1.87601163543078E-8
527.843	1.86432933373867E-8
528.161	1.87404552927185E-8
528.48	1.87147583178458E-8
528.799	1.86533273061259E-8
529.117	1.86716238349405E-8
529.436	1.86094146118015E-8
529.754	1.8639223253459E-8
530.072	1.86720624416874E-8
530.391	1.86284630467978E-8
530.709	1.86695779544298E-8
531.027	1.85857433637342E-8
531.345	1.86040977707081E-8
531.663	1.84908893784692E-8
531.98	1.85564491105096E-8
532.298	1.85579160477936E-8
532.616	1.84923087706068E-8
532.933	1.84860995280094E-8
533.251	1.84645439232644E-8
533.568	1.84415987480866E-8
533.885	1.85111474398127E-8
534.203	1.84337310307314E-8
534.52	1.84354238169998E-8
534.837	1.84072160888864E-8
535.154	1.83991393338129E-8
535.471	1.8349241131228E-8
535.787	1.83976199551876E-8
536.104	1.83922883728018E-8
536.421	1.8281659865491E-8
536.737	1.83852473317195E-8
537.054	1.83159994657807E-8
537.37	1.82861237870844E-8
537.686	1.83301869614553E-8
538.003	1.82524518893853E-8
538.319	1.82334904275015E-8
538.635	1.82336565524857E-8
538.951	1.82028741727911E-8
539.267	1.81661647969165E-8
539.583	1.81716532916925E-8
539.898	1.8207222250182E-8
540.214	1.81319328627341E-8
540.529	1.81677027711718E-8
540.845	1.80849673604586E-8
541.16	1.81770330539093E-8
541.476	1.81247431742389E-8
541.791	1.80521229186212E-8
542.106	1.80875671114421E-8
542.421	1.80938854056751E-8
542.736	1.80653589339785E-8
543.051	1.80538381082019E-8
543.366	1.79683234867868E-8
543.68	1.80121548271466E-8
543.995	1.80003413971005E-8
544.31	1.79354047954492E-8
544.624	1.79642922801072E-8
544.939	1.79313827308259E-8
545.253	1.7906108208584E-8
545.567	1.79122587399948E-8
545.881	1.79175101277914E-8
546.195	1.78901985613376E-8
546.509	1.78577307781491E-8
546.823	1.78910121953018E-8
547.137	1.78949619905336E-8
547.451	1.78427997776589E-8
547.765	1.77849080529859E-8
548.078	1.78302056939992E-8
548.392	1.77862983543563E-8
548.705	1.77700356872896E-8
549.018	1.78087899948804E-8
549.332	1.77861231295084E-8
549.645	1.7713431134264E-8
549.958	1.77458022279458E-8
550.271	1.77953856235319E-8
550.584	1.77118582364858E-8
550.897	1.77188272911171E-8
551.209	1.76959488336109E-8
551.522	1.77274746041227E-8
551.835	1.76903386078982E-8
552.147	1.77080693921756E-8
552.46	1.76645128697324E-8
552.772	1.76929920675672E-8
553.084	1.76633212868054E-8
553.396	1.77039019027327E-8
553.709	1.7630358008753E-8
554.021	1.76338237552625E-8
554.333	1.75626113529888E-8
554.644	1.76058703041287E-8
554.956	1.75932821104874E-8
555.268	1.7605986206705E-8
555.58	1.75224474008699E-8
555.891	1.76251239627647E-8
556.203	1.75644068287533E-8
556.514	1.75586433866016E-8
556.825	1.75380243993124E-8
557.136	1.76054353616159E-8
557.448	1.75225008647411E-8
557.759	1.75018942743713E-8
558.07	1.74909822487195E-8
558.38	1.74636919706241E-8
558.691	1.75354168346754E-8
559.002	1.75066612700512E-8
559.313	1.74478017306626E-8
559.623	1.74923973417372E-8
559.934	1.74239071529591E-8
560.244	1.74301908416788E-8
560.554	1.74575982028719E-8
560.865	1.74488566995571E-8
561.175	1.74573906468661E-8
561.485	1.74152621687378E-8
561.795	1.7405940194908E-8
562.105	1.74280467392987E-8
562.415	1.73602974479769E-8
562.724	1.73928256888595E-8
563.034	1.73792191722708E-8
563.344	1.73209720892412E-8
563.653	1.7366162427601E-8
563.963	1.73275105125084E-8
564.272	1.73275727247274E-8
564.581	1.73184536083516E-8
564.89	1.73603154742767E-8
565.2	1.72826469572554E-8
565.509	1.72640997390448E-8
565.818	1.72076817731722E-8
566.126	1.72847610221387E-8
566.435	1.72842234028917E-8
566.744	1.72672883675899E-8
567.053	1.72201890842491E-8
567.361	1.72541975041224E-8
567.67	1.71870349204524E-8
567.978	1.71884143476443E-8
568.286	1.71508967609652E-8
568.594	1.72267138588901E-8
568.903	1.71842047093031E-8
569.211	1.71950727690641E-8
569.519	1.71377068597096E-8
569.827	1.70995947313189E-8
570.134	1.71392754666668E-8
570.442	1.71811427350681E-8
570.75	1.70745098696755E-8
571.057	1.71534827747971E-8
571.365	1.71144561996324E-8
571.672	1.71413223092575E-8
571.98	1.70653293282958E-8
572.287	1.7057061039794E-8
572.594	1.70511774365292E-8
572.901	1.70484722363302E-8
573.208	1.70655699506667E-8
573.515	1.70437482850759E-8
573.822	1.70334305436619E-8
574.129	1.69919832503453E-8
574.435	1.69985797212985E-8
574.742	1.70374139995259E-8
575.049	1.69517604115444E-8
575.355	1.69666064642906E-8
575.661	1.69902550378756E-8
575.968	1.69342981252737E-8
576.274	1.69333554368488E-8
576.58	1.69775973834907E-8
576.886	1.69390049654536E-8
577.192	1.69402478599379E-8
577.498	1.69293149156732E-8
577.804	1.69303645660929E-8
578.11	1.68850601894747E-8
578.415	1.69233992819295E-8
578.721	1.68551959681514E-8
579.026	1.69098283957219E-8
579.332	1.68731617489684E-8
579.637	1.68705067351748E-8
579.942	1.6860489293239E-8
580.247	1.69117237220174E-8
580.553	1.68329608979072E-8
580.858	1.68263499016175E-8
581.163	1.67464453785718E-8
581.467	1.68528186382049E-8
581.772	1.68341242818418E-8
582.077	1.68591073240361E-8
582.382	1.67747690726919E-8
582.686	1.68326059132874E-8
582.991	1.67992352314119E-8
583.295	1.67512550731689E-8
583.599	1.67804376435708E-8
583.903	1.67954477389383E-8
584.208	1.67383414253127E-8
584.512	1.67630735875816E-8
584.816	1.67943317259594E-8
585.12	1.66762224761158E-8
585.423	1.67735434513687E-8
585.727	1.67696871966178E-8
586.031	1.67093477308361E-8
586.334	1.67516433618144E-8
586.638	1.66984772143431E-8
586.941	1.67558450754447E-8
587.245	1.66958679775265E-8
587.548	1.66936825310649E-8
587.851	1.66926945936513E-8
588.154	1.66880120849948E-8
588.457	1.67154730981984E-8
588.76	1.67116506901219E-8
589.063	1.67155483970835E-8
589.366	1.66726386972506E-8
589.669	1.66373946250908E-8
589.971	1.67285565390777E-8
590.274	1.66251978516798E-8
590.576	1.67295022377791E-8
590.879	1.66504735360974E-8
591.181	1.66496095050521E-8
591.483	1.67303167877144E-8
591.786	1.66491088663521E-8
592.088	1.66664972179543E-8
592.39	1.66374144123011E-8
592.692	1.66525721425153E-8
592.994	1.66046294281108E-8
593.295	1.66482341186823E-8
593.597	1.66522323917715E-8
593.899	1.65993353980008E-8
594.2	1.66906793937149E-8
594.502	1.65910971919722E-8
594.803	1.65744070022148E-8
595.104	1.66560632540093E-8
595.406	1.6608672260573E-8
595.707	1.65931319180029E-8
596.008	1.6599106280118E-8
596.309	1.66073042361763E-8
596.61	1.66103285538892E-8
596.911	1.65710809418228E-8
597.211	1.66153499500199E-8
597.512	1.66204400016745E-8
597.813	1.65602573762563E-8
598.113	1.66123469642831E-8
598.414	1.65215840316572E-8
598.714	1.65418988040759E-8
599.014	1.65548430020938E-8
599.314	1.6613201640295E-8
599.615	1.65876515162768E-8
599.915	1.65497152500858E-8
600.215	1.65588635561644E-8
600.515	1.65177178595475E-8
600.814	1.65936115741324E-8
601.114	1.6567217491201E-8
601.414	1.65066696658815E-8
601.713	1.65424547963878E-8
602.013	1.65050695297649E-8
602.312	1.66043602648971E-8
602.612	1.64922949388206E-8
602.911	1.65246956865381E-8
603.21	1.65550860091674E-8
603.509	1.65538731234413E-8
603.808	1.657269369216E-8
604.107	1.65491951640696E-8
604.406	1.6554700465793E-8
604.705	1.65701327446108E-8
605.004	1.65156538431405E-8
605.302	1.65204553403543E-8
605.601	1.64757369670224E-8
605.899	1.65313807618025E-8
606.198	1.64729322288994E-8
606.496	1.65179908830258E-8
606.794	1.6599184622227E-8
607.093	1.65220075252639E-8
607.391	1.65216517069234E-8
607.689	1.65286659151215E-8
607.987	1.65290103368657E-8
608.285	1.64874604014212E-8
608.582	1.65373549396739E-8
608.88	1.65430150244454E-8
609.178	1.64990618719075E-8
609.475	1.65259643814746E-8
609.773	1.64933553386641E-8
610.07	1.65505495324717E-8
610.368	1.64803654577638E-8
610.665	1.64884865990259E-8
610.962	1.65270856089169E-8
611.259	1.64935935539481E-8
611.556	1.64883194203059E-8
611.853	1.64882504608824E-8
612.15	1.64960118490264E-8
612.447	1.64670617416824E-8
612.743	1.65093886074355E-8
613.04	1.65214105140567E-8
613.337	1.6467239326427E-8
613.633	1.65205824691743E-8
613.93	1.64941200301553E-8
614.226	1.64756330939821E-8
614.522	1.65072142047984E-8
614.818	1.64926065052592E-8
615.114	1.64979023106903E-8
615.41	1.64883927260347E-8
615.706	1.64835719735063E-8
616.002	1.64810090079305E-8
616.298	1.65033578078435E-8
616.594	1.64513525051263E-8
616.889	1.65148145364984E-8
617.185	1.6532291074422E-8
617.481	1.64616522052386E-8
617.776	1.64763418325467E-8
618.071	1.65373925509432E-8
618.367	1.64577815638281E-8
618.662	1.64636350277394E-8
618.957	1.64826511301781E-8
619.252	1.64873587430371E-8
619.547	1.65138329261225E-8
619.842	1.64703682684514E-8
620.136	1.65082407119717E-8
620.431	1.65369074841463E-8
620.726	1.64341089859962E-8
621.02	1.65455613395097E-8
621.315	1.64740582463206E-8
621.609	1.65302950533187E-8
621.904	1.64905751171119E-8
622.198	1.64911403564255E-8
622.492	1.64770476345623E-8
622.786	1.65000785336585E-8
623.08	1.65139174022691E-8
623.374	1.6495824625198E-8
623.668	1.65546541059625E-8
623.962	1.65279687694393E-8
624.256	1.64626887166916E-8
624.549	1.65909342602623E-8
624.843	1.6481746662051E-8
625.136	1.65388595898088E-8
625.43	1.6466669289722E-8
625.723	1.652021515714E-8
626.016	1.65743519323124E-8
626.31	1.65353481922985E-8
626.603	1.65026231115419E-8
626.896	1.65500599879101E-8
627.189	1.65346783164322E-8
627.482	1.64811108697297E-8
627.774	1.65730521717338E-8
628.067	1.65872932324372E-8
628.36	1.65481047123651E-8
628.652	1.65935634445026E-8
628.945	1.65176051389625E-8
629.237	1.65984643415007E-8
629.53	1.65657639131172E-8
629.822	1.6570232137445E-8
630.114	1.66064187521096E-8
630.406	1.6584720573764E-8
630.698	1.66109737549484E-8
630.99	1.66520781514224E-8
631.282	1.66277034333777E-8
631.574	1.66471698100828E-8
631.866	1.66606825819845E-8
632.158	1.66006600650443E-8
632.449	1.66569705204315E-8
632.741	1.65831749114364E-8
633.032	1.65984360762897E-8
633.323	1.67055761166614E-8
633.615	1.66225064889202E-8
633.906	1.66548109406079E-8
634.197	1.66449885536055E-8
634.488	1.66955910517184E-8
634.779	1.66948687415185E-8
635.07	1.67212495580865E-8
635.361	1.67758989305473E-8
635.652	1.67087053618429E-8
635.942	1.67781139450834E-8
636.233	1.67730642900957E-8
636.524	1.67482739707382E-8
636.814	1.68205757033799E-8
637.105	1.67642501885928E-8
637.395	1.68086345933872E-8
637.685	1.67969397368175E-8
637.975	1.68493781714388E-8
638.265	1.68570728101549E-8
638.555	1.68859334545567E-8
638.845	1.69179008643596E-8
639.135	1.69463408167618E-8
639.425	1.69662174808126E-8
639.715	1.69181633102177E-8
640.004	1.69851386826525E-8
640.294	1.69744552218914E-8
640.583	1.70235506725217E-8
640.873	1.69868035622818E-8
641.162	1.69975021329496E-8
641.451	1.70945753025133E-8
641.741	1.70441493894473E-8
642.03	1.70934281475799E-8
642.319	1.71080919653661E-8
642.608	1.71285575113105E-8
642.897	1.71635326565358E-8
643.186	1.7095941781513E-8
643.474	1.71508679716157E-8
643.763	1.71713772633028E-8
644.052	1.71346198344819E-8
644.34	1.71468482525857E-8
644.628	1.72784380576104E-8
644.917	1.72410784217848E-8
645.205	1.72946697169215E-8
645.493	1.73670470119898E-8
645.782	1.73233153624015E-8
646.07	1.73607725737196E-8
646.358	1.73786373277754E-8
646.646	1.73326936466223E-8
646.933	1.74451962678364E-8
647.221	1.74252215840786E-8
647.509	1.74169792716915E-8
647.797	1.74076695020109E-8
648.084	1.74704980092214E-8
648.372	1.73952027774438E-8
648.659	1.74452362363625E-8
648.946	1.75052053829514E-8
649.234	1.74563787284433E-8
649.521	1.74951878049469E-8
649.808	1.75400796672782E-8
650.095	1.75642258837742E-8
650.382	1.75474592486851E-8
650.669	1.75782009978275E-8
650.956	1.75406226588327E-8
651.242	1.76238498463833E-8
651.529	1.7593192606968E-8
651.816	1.75296772626696E-8
652.102	1.75602374874503E-8
652.388	1.76415920703455E-8
652.675	1.76094579909161E-8
652.961	1.76684742544073E-8
653.247	1.77121919642569E-8
653.533	1.77987306809337E-8
653.82	1.77282175833116E-8
654.106	1.76926403152132E-8
654.391	1.77651637953337E-8
654.677	1.7734793656241E-8
654.963	1.77235102926369E-8
655.249	1.76632146937577E-8
655.534	1.7776861061645E-8
655.82	1.77106191460925E-8
656.105	1.78017791834232E-8
656.391	1.77486244279482E-8
656.676	1.78002717881595E-8
656.961	1.78502681457626E-8
657.247	1.78174849412657E-8
657.532	1.78424677033543E-8
657.817	1.78137890613274E-8
658.102	1.7886620738025E-8
658.387	1.78370212019577E-8
658.671	1.78803997785474E-8
658.956	1.78926627484087E-8
659.241	1.78955494720799E-8
659.526	1.78258076476032E-8
659.81	1.78920539444456E-8
660.094	1.79317290258882E-8
660.379	1.78789901014204E-8
660.663	1.78581686861481E-8
660.947	1.79762749080527E-8
661.232	1.79510301616652E-8
661.516	1.79806049865433E-8
661.8	1.7994466047203E-8
662.084	1.79506693187554E-8
662.367	1.79895935063082E-8
662.651	1.79628959925176E-8
662.935	1.79623001159793E-8
663.219	1.79163747454508E-8
663.502	1.80107104893159E-8
663.786	1.79139756474755E-8
664.069	1.79962595705455E-8
664.352	1.80674568113797E-8
664.636	1.80279377257344E-8
664.919	1.80276522900711E-8
665.202	1.80318878633855E-8
665.485	1.80747771710999E-8
665.768	1.80756156692309E-8
666.051	1.80840529049845E-8
666.334	1.80879882672478E-8
666.617	1.80083703200708E-8
666.899	1.80991375524507E-8
667.182	1.80943287570463E-8
667.465	1.80505184196564E-8
667.747	1.80759339062646E-8
668.029	1.81675980339078E-8
668.312	1.81222309494204E-8
668.594	1.8149400806038E-8
668.876	1.81869697811976E-8
669.158	1.8174542688561E-8
669.44	1.81701048691846E-8
669.722	1.82224038506134E-8
670.004	1.82204205372931E-8
670.286	1.8221792242875E-8
670.568	1.81596776219209E-8
670.849	1.82065694548497E-8
671.131	1.82201549294354E-8
671.413	1.81748640259267E-8
671.694	1.81848151739231E-8
671.975	1.82907584338423E-8
672.257	1.82383333007404E-8
672.538	1.82282637234277E-8
672.819	1.8234516940133E-8
673.1	1.82861119655357E-8
673.381	1.83105161744235E-8
673.662	1.83263249124348E-8
673.943	1.83669805530515E-8
674.224	1.8370121332118E-8
674.505	1.83462924928386E-8
674.785	1.83713347351163E-8
675.066	1.83300302512565E-8
675.346	1.84091448319317E-8
675.627	1.83152451222758E-8
675.907	1.83556954614012E-8
676.188	1.83095013657071E-8
676.468	1.83152147415337E-8
676.748	1.83631543887307E-8
677.028	1.83598500764963E-8
677.308	1.84106133712997E-8
677.588	1.84522180227833E-8
677.868	1.84797049401455E-8
678.148	1.84134789061322E-8
678.427	1.85066755802884E-8
678.707	1.8523309648059E-8
678.987	1.84506132046412E-8
679.266	1.85131611152765E-8
679.546	1.84784501060481E-8
679.825	1.84742548534205E-8
680.104	1.85823584998684E-8
680.384	1.85231432445551E-8
680.663	1.85150302309071E-8
680.942	1.85076110562277E-8
681.221	1.85112070532226E-8
681.5	1.85034985029092E-8
681.779	1.84886582927794E-8
682.057	1.85876430623877E-8
682.336	1.86334224177238E-8
682.615	1.85672645239599E-8
682.893	1.87418134527466E-8
683.172	1.8635387759591E-8
683.45	1.87406089941086E-8
683.729	1.86942258201945E-8
684.007	1.87114714948294E-8
684.285	1.86464503695644E-8
684.563	1.86509405921114E-8
684.841	1.86368572237761E-8
685.119	1.86498871164462E-8
685.397	1.86208033940489E-8
685.675	1.86113066440321E-8
685.953	1.86531450827499E-8
686.231	1.8601169395134E-8
686.508	1.86888411058095E-8
686.786	1.8730723062055E-8
687.064	1.87458231560793E-8
687.341	1.87686198203575E-8
687.618	1.88894571432525E-8
687.896	1.88059116920751E-8
688.173	1.88406617068908E-8
688.45	1.88351910268044E-8
688.727	1.8840307539012E-8
689.004	1.88498283143771E-8
689.281	1.8875613703783E-8
689.558	1.8872176301798E-8
689.835	1.87611431775067E-8
690.111	1.88453676800229E-8
690.388	1.8868219628862E-8
690.665	1.88335188957344E-8
690.941	1.89168859388961E-8
691.218	1.88585060528401E-8
691.494	1.88946218555491E-8
691.77	1.89981489933293E-8
692.047	1.89688251428626E-8
692.323	1.90028845632778E-8
692.599	1.905285867762E-8
692.875	1.90985485180709E-8
693.151	1.91043882051882E-8
693.427	1.90616469580551E-8
693.702	1.90992592153931E-8
693.978	1.91225446358824E-8
694.254	1.90210506085869E-8
694.529	1.9033674534027E-8
694.805	1.90201047687645E-8
695.08	1.90634146026821E-8
695.356	1.89939386365365E-8
695.631	1.9010952191535E-8
695.906	1.90280640625764E-8
696.182	1.89858616896816E-8
696.457	1.89873283051028E-8
696.732	1.90680805025638E-8
697.007	1.90926228499751E-8
697.282	1.90975116945594E-8
697.556	1.9190814443025E-8
697.831	1.9169446375217E-8
698.106	1.91602963779887E-8
698.38	1.92106242148034E-8
698.655	1.91348686433331E-8
698.929	1.9184224920526E-8
699.204	1.905153285517E-8
699.478	1.90343066199915E-8
699.752	1.90843078684938E-8
700.027	1.90389379723273E-8
700.301	1.90818606561547E-8
700.575	1.91383506047058E-8
700.849	1.91577806752867E-8
701.123	1.91560383571041E-8
701.396	1.93070283542847E-8
701.67	1.93888899851041E-8
701.944	1.9409384272273E-8
702.218	1.93595181911646E-8
702.491	1.94559493420384E-8
702.765	1.93830455960475E-8
703.038	1.9351154190218E-8
703.311	1.93584805122716E-8
703.585	1.92575505686975E-8
703.858	1.92646343058917E-8
704.131	1.92775646066551E-8
704.404	1.92745671939488E-8
704.677	1.93086416659287E-8
704.95	1.929701893709E-8
705.223	1.93771938814269E-8
705.496	1.94334238777795E-8
705.768	1.9541386692079E-8
706.041	1.96101845691031E-8
706.314	1.95537587535066E-8
706.586	1.963466204287E-8
706.859	1.96004287734245E-8
707.131	1.95932884071091E-8
707.403	1.96664116117813E-8
707.676	1.96320719360227E-8
707.948	1.96634249573731E-8
708.22	1.96390718288202E-8
708.492	1.97105477238356E-8
708.764	1.97174169825515E-8
709.036	1.95992312884088E-8
709.307	1.96704606092006E-8
709.579	1.96202226383975E-8
709.851	1.96462050123952E-8
710.123	1.96204346459362E-8
710.394	1.9711532058354E-8
710.666	1.97152502882906E-8
710.937	1.97881548620497E-8
711.208	1.99602359206768E-8
711.48	1.99152045278652E-8
711.751	1.99446202140535E-8
712.022	1.99228539442989E-8
712.293	1.99979103737119E-8
712.564	1.99647121023484E-8
712.835	1.99272937953859E-8
713.106	1.98220658380263E-8
713.376	1.98785936867213E-8
713.647	1.99135378601089E-8
713.918	1.98927841315005E-8
714.188	2.00072691798203E-8
714.459	1.99280212173718E-8
714.729	2.00147235499192E-8
715	2.00130450452862E-8
715.27	2.00130085668593E-8
715.54	2.01279328273551E-8
715.81	2.01582528777474E-8
716.08	2.02058108671596E-8
716.35	2.02506388681703E-8
716.62	2.03181505019196E-8
716.89	2.03347243792125E-8
717.16	2.03527510209124E-8
717.43	2.03131159317427E-8
717.7	2.02305348412862E-8
717.969	2.02964265945119E-8
718.239	2.02624463225133E-8
718.508	2.04125220893212E-8
718.778	2.03386283643704E-8
719.047	2.03898211564417E-8
719.316	2.04410181712576E-8
719.585	2.06196801146061E-8
719.855	2.06311687225971E-8
720.124	2.06926528897758E-8
720.393	2.06970620960136E-8
720.661	2.0840587395556E-8
720.93	2.08672507848366E-8
721.199	2.09262269338686E-8
721.468	2.09393470885573E-8
721.737	2.08773028219326E-8
722.005	2.09675410150086E-8
722.274	2.09196933325272E-8
722.542	2.08913624530414E-8
722.81	2.09652335291902E-8
723.079	2.08886172161915E-8
723.347	2.09253283377081E-8
723.615	2.09111301382642E-8
723.883	2.09918957018615E-8
724.151	2.09952215602018E-8
724.419	2.10302539651947E-8
724.687	2.09874341667983E-8
724.955	2.10246272120761E-8
725.223	2.09771935798139E-8
725.49	2.10786987734293E-8
725.758	2.10851923464351E-8
726.026	2.10648845842128E-8
726.293	2.11791317340218E-8
726.561	2.10678993165666E-8
726.828	2.11106787102696E-8
727.095	2.12194461750351E-8
727.362	2.13795075708747E-8
727.63	2.12692602571279E-8
727.897	2.12850385771295E-8
728.164	2.12369780495274E-8
728.431	2.12295842421257E-8
728.698	2.11395477044326E-8
728.964	2.11804152419577E-8
729.231	2.11640332944963E-8
729.498	2.11269390583474E-8
729.764	2.11958924745622E-8
730.031	2.11762597031683E-8
730.297	2.12535918119835E-8
730.564	2.12595741401321E-8
730.83	2.12817537042064E-8
731.096	2.13909208286552E-8
731.363	2.13813828239105E-8
731.629	2.14318562695485E-8
731.895	2.14615719073026E-8
732.161	2.14732628603841E-8
732.427	2.14522227300548E-8
732.693	2.14761214280194E-8
732.959	2.13652937813364E-8
733.224	2.14444864698231E-8
733.49	2.1431128772809E-8
733.756	2.1306790500324E-8
734.021	2.13332093500669E-8
734.287	2.12953100686848E-8
734.552	2.12753960229803E-8
734.817	2.13208315333428E-8
735.083	2.12292549192622E-8
735.348	2.12935546323059E-8
735.613	2.13370202023189E-8
735.878	2.13781361011872E-8
736.143	2.14456500436261E-8
736.408	2.1511641401441E-8
736.673	2.14640177416905E-8
736.937	2.16331160807376E-8
737.202	2.16540391159654E-8
737.467	2.1543534498367E-8
737.731	2.16289960807761E-8
737.996	2.15641976167936E-8
738.26	2.16573740216886E-8
738.525	2.1559788710516E-8
738.789	2.16070708974107E-8
739.053	2.16864508593123E-8
739.318	2.16325583480174E-8
739.582	2.1604449560358E-8
739.846	2.16365773960896E-8
740.11	2.16075117840864E-8
740.374	2.16809057211233E-8
740.638	2.15821938588959E-8
740.901	2.16956900791787E-8
741.165	2.17584468063461E-8
741.429	2.17464505017726E-8
741.692	2.1837035022315E-8
741.956	2.17896548495025E-8
742.219	2.19076094880388E-8
742.483	2.18378925255101E-8
742.746	2.18560656715886E-8
743.009	2.19730931198713E-8
743.273	2.18950499065057E-8
743.536	2.18857664714402E-8
743.799	2.18761571880505E-8
744.062	2.18784612043137E-8
744.325	2.18644323909595E-8
744.588	2.17850905805339E-8
744.85	2.18694403929879E-8
745.113	2.19059691321369E-8
745.376	2.1819884232074E-8
745.638	2.19284342842057E-8
745.901	2.18699697959294E-8
746.163	2.19923031417574E-8
746.426	2.19269075576614E-8
746.688	2.19315730664036E-8
746.95	2.20938301728646E-8
747.213	2.20449337537384E-8
747.475	2.20499963108811E-8
747.737	2.21286229030349E-8
747.999	2.21462760215433E-8
748.261	2.22254983721294E-8
748.523	2.21652672860836E-8
748.784	2.22892416138148E-8
749.046	2.23265799659597E-8
749.308	2.23248535224989E-8
749.569	2.23879397645978E-8
749.831	2.2276473584075E-8
750.092	2.23323119323289E-8
750.354	2.22614602581025E-8
750.615	2.22257335163678E-8
750.876	2.23571442478637E-8
751.138	2.22883272414665E-8
751.399	2.22715346696874E-8
751.66	2.23201156241743E-8
751.921	2.23294763698234E-8
752.182	2.23356797392533E-8
752.443	2.22521994216359E-8
752.703	2.23558137947577E-8
752.964	2.24185683343345E-8
753.225	2.24678610411628E-8
753.486	2.24229441937907E-8
753.746	2.25823512227263E-8
754.007	2.25072659710698E-8
754.267	2.25556890016479E-8
754.527	2.27020055652344E-8
754.788	2.26220410391268E-8
755.048	2.26984119493993E-8
755.308	2.26940594213875E-8
755.568	2.27801004068096E-8
755.828	2.2791063088092E-8
756.088	2.28071746206351E-8
756.348	2.27608215024336E-8
756.608	2.27635249453036E-8
756.868	2.26854271800501E-8
757.127	2.28009693550684E-8
757.387	2.27765657724949E-8
757.647	2.27277142592798E-8
757.906	2.28644280022194E-8
758.166	2.28031163440153E-8
758.425	2.28591796498195E-8
758.684	2.28342301396302E-8
758.943	2.29436151452746E-8
759.203	2.29050097531899E-8
759.462	2.2916073236208E-8
759.721	2.29495111137032E-8
759.98	2.29783138108837E-8
760.239	2.3021010587228E-8
760.498	2.29623385143974E-8
760.756	2.31258930863568E-8
761.015	2.31918098140479E-8
761.274	2.3167574916339E-8
761.532	2.32431676829905E-8
761.791	2.3196691459276E-8
762.049	2.33115363760263E-8
762.308	2.32527510505845E-8
762.566	2.32604396630198E-8
762.824	2.33842810834705E-8
763.083	2.32574325754753E-8
763.341	2.33111190487319E-8
763.599	2.32925265020232E-8
763.857	2.32596430603218E-8
764.115	2.32941513215439E-8
764.373	2.32457257013933E-8
764.631	2.32553826788414E-8
764.888	2.34214624643151E-8
765.146	2.34539899829766E-8
765.404	2.33810349993285E-8
765.661	2.35505499730956E-8
765.919	2.3522414234652E-8
766.176	2.35603960003434E-8
766.433	2.37106047318182E-8
766.691	2.36545842248325E-8
766.948	2.37114675955092E-8
767.205	2.37038389064416E-8
767.462	2.36987714815146E-8
767.719	2.37310088477844E-8
767.976	2.36983841043038E-8
768.233	2.36920674941427E-8
768.49	2.37656312555437E-8
768.747	2.37614874022311E-8
769.004	2.37244726299172E-8
769.26	2.38252583735417E-8
769.517	2.37155071529607E-8
769.773	2.38164911592594E-8
770.03	2.37365002784256E-8
770.286	2.38742063886588E-8
770.543	2.38268828988988E-8
770.799	2.38480937985923E-8
771.055	2.38860700619616E-8
771.311	2.39329612222102E-8
771.567	2.39740550764818E-8
771.823	2.40558379150079E-8
772.079	2.40956877831451E-8
772.335	2.41531272141497E-8
772.591	2.42434278209468E-8
772.847	2.43143682046554E-8
773.103	2.4292033818124E-8
773.358	2.44245684439505E-8
773.614	2.44109281884571E-8
773.869	2.45776953802783E-8
774.125	2.44444075112362E-8
774.38	2.44581996351584E-8
774.635	2.45924934498448E-8
774.891	2.44546137224953E-8
775.146	2.44961164716664E-8
775.401	2.44469204068687E-8
775.656	2.44093629942894E-8
775.911	2.44098758297931E-8
776.166	2.44494459672115E-8
776.421	2.44604964516639E-8
776.676	2.44629963378846E-8
776.93	2.46761124785331E-8
777.185	2.46931848978712E-8
777.44	2.46929009596742E-8
777.694	2.48501912364984E-8
777.949	2.47619602318392E-8
778.203	2.49428768583959E-8
778.458	2.48725864508985E-8
778.712	2.49445596577806E-8
778.966	2.50292969872832E-8
779.22	2.50207200326112E-8
779.474	2.51031187175127E-8
779.729	2.50924298961814E-8
779.983	2.50376264225173E-8
780.236	2.51060028579234E-8
780.49	2.50605086784934E-8
780.744	2.50380801042358E-8
780.998	2.50160435694544E-8
781.252	2.50077326122619E-8
781.505	2.51263390340609E-8
781.759	2.51057283502601E-8
782.012	2.52939517712529E-8
782.266	2.52307405424591E-8
782.519	2.52472584331511E-8
782.772	2.52988307503637E-8
783.025	2.55210003987976E-8
783.279	2.55518059109903E-8
783.532	2.56194053857215E-8
783.785	2.56792127194215E-8
784.038	2.56986713170897E-8
784.291	2.57030262402472E-8
784.544	2.56201393661745E-8
784.796	2.58055803870598E-8
785.049	2.57660167707365E-8
785.302	2.56986973624479E-8
785.554	2.58246348910048E-8
785.807	2.5648387009542E-8
786.059	2.57535123565519E-8
786.312	2.56629068525465E-8
786.564	2.57260683451534E-8
786.816	2.58152782804916E-8
787.069	2.57192089314159E-8
787.321	2.58099892775645E-8
787.573	2.58558636379433E-8
787.825	2.58569552240724E-8
788.077	2.59871399408163E-8
788.329	2.60671628906483E-8
788.581	2.59765609407404E-8
788.832	2.61798103034186E-8
789.084	2.62102290124399E-8
789.336	2.62521945910341E-8
789.587	2.6381811049988E-8
789.839	2.63128562287776E-8
790.09	2.64256617154758E-8
790.342	2.63168842452693E-8
790.593	2.64724847541875E-8
790.845	2.64695666378386E-8
791.096	2.64324034371952E-8
791.347	2.64773860941434E-8
791.598	2.64824798677218E-8
791.849	2.65355124103707E-8
792.1	2.65374317320721E-8
792.351	2.65878768415726E-8
792.602	2.6583281422587E-8
792.853	2.65461806763854E-8
793.103	2.65993979997298E-8
793.354	2.66941502990345E-8
793.605	2.66682341213484E-8
793.855	2.68504363423096E-8
794.106	2.67954692589122E-8
794.356	2.68389625563959E-8
794.606	2.70140718453713E-8
794.857	2.6908413188351E-8
795.107	2.70024812356665E-8
795.357	2.70999701564569E-8
795.607	2.71346253238074E-8
795.857	2.71904361978919E-8
796.107	2.72266664188332E-8
796.357	2.72149840416486E-8
796.607	2.72133404257195E-8
796.857	2.72790641170797E-8
797.107	2.72949458687324E-8
797.356	2.74155860994281E-8
797.606	2.75143179297698E-8
797.856	2.74240031063264E-8
798.105	2.75758322281976E-8
798.355	2.75843602145969E-8
798.604	2.75798780861981E-8
798.853	2.75271823092086E-8
799.102	2.76463542587242E-8
799.352	2.75396592187652E-8
799.601	2.75331953984187E-8
799.85	2.76082154770427E-8
800.099	2.76804603334132E-8
800.348	2.77295780269515E-8
800.597	2.75938395871917E-8
800.845	2.77552861168478E-8
801.094	2.78630081125587E-8
801.343	2.79623463229359E-8
801.592	2.79320730654558E-8
801.84	2.80721012283616E-8
802.089	2.80487682598315E-8
802.337	2.82168310141461E-8
802.586	2.8148033429585E-8
802.834	2.82071644342794E-8
803.082	2.82521432094622E-8
803.33	2.83273776295911E-8
803.578	2.84756807524015E-8
803.827	2.832500433582E-8
804.075	2.83749910370403E-8
804.323	2.8322262779585E-8
804.57	2.84343776306067E-8
804.818	2.856914979677E-8
805.066	2.86091366471593E-8
805.314	2.85264085573629E-8
805.561	2.86027861755253E-8
805.809	2.86442243107927E-8
806.057	2.85291253555698E-8
806.304	2.86915999445221E-8
806.552	2.86937742912768E-8
806.799	2.86925395628572E-8
807.046	2.86317959519219E-8
807.293	2.8778405240588E-8
807.541	2.87044441289434E-8
807.788	2.87549748118091E-8
808.035	2.87704086217969E-8
808.282	2.88145883265743E-8
808.529	2.88804164551186E-8
808.776	2.88164076926664E-8
809.022	2.8973386435041E-8
809.269	2.90751393674144E-8
809.516	2.90552075650612E-8
809.762	2.92717578784684E-8
810.009	2.92387717360864E-8
810.255	2.93227183842775E-8
810.502	2.92396259097466E-8
810.748	2.94733576126614E-8
810.995	2.93953561921405E-8
811.241	2.94511913265293E-8
811.487	2.95166559932533E-8
811.733	2.95460216143158E-8
811.979	2.96152753126961E-8
812.225	2.96304847407543E-8
812.471	2.97416332698469E-8
812.717	2.97194518716498E-8
812.963	2.98600750193005E-8
813.209	2.98092288546671E-8
813.455	2.9772369481446E-8
813.7	2.98653977852987E-8
813.946	2.9794679441706E-8
814.191	2.99718625986701E-8
814.437	2.99317361694976E-8
814.682	3.00324606720515E-8
814.928	2.99761531581505E-8
815.173	3.00047153240927E-8
815.418	3.0039906171185E-8
815.663	3.02494391585763E-8
815.909	3.01624145318558E-8
816.154	3.01345269598888E-8
816.399	3.02114146536749E-8
816.644	3.00802077656776E-8
816.888	3.0277678699013E-8
817.133	3.03562382248951E-8
817.378	3.03823540599997E-8
817.623	3.03755811658977E-8
817.867	3.05878707402685E-8
818.112	3.05233129640496E-8
818.356	3.06744117095246E-8
818.601	3.06883275040249E-8
818.845	3.07767045812304E-8
819.09	3.08226319546989E-8
819.334	3.08570835854104E-8
819.578	3.0912729041851E-8
819.822	3.10781503940204E-8
820.067	3.09742945872442E-8
820.311	3.10314080875499E-8
820.555	3.09477316783649E-8
820.798	3.10909022445113E-8
821.042	3.11674851250206E-8
821.286	3.11831652959751E-8
821.53	3.13443938563276E-8
821.774	3.11484180967553E-8
822.017	3.11872088646616E-8
822.261	3.11161169249902E-8
822.504	3.1317591442492E-8
822.748	3.12383678078071E-8
822.991	3.14814600609791E-8
823.235	3.13554802040692E-8
823.478	3.13510153958667E-8
823.721	3.14420597679157E-8
823.964	3.15737512622126E-8
824.207	3.15725467378798E-8
824.45	3.16639561714883E-8
824.693	3.17027034601971E-8
824.936	3.17498765553866E-8
825.179	3.17828776651555E-8
825.422	3.18744482416665E-8
825.665	3.18252535555555E-8
825.907	3.20766332100554E-8
826.15	3.21830827788935E-8
826.393	3.20836481152988E-8
826.635	3.21873728070135E-8
826.877	3.2357199826848E-8
827.12	3.24195053845573E-8
827.362	3.2438640879057E-8
827.604	3.26005086793543E-8
827.847	3.25121598790521E-8
828.089	3.24981071783057E-8
828.331	3.26006101073082E-8
828.573	3.25387776421736E-8
828.815	3.26110864213229E-8
829.057	3.26139130310223E-8
829.299	3.2607539021536E-8
829.541	3.25674034256556E-8
829.782	3.26505627075509E-8
830.024	3.25888109161644E-8
830.266	3.24539201974451E-8
830.507	3.25797829874637E-8
830.749	3.24725336487762E-8
830.99	3.26162833753504E-8
831.232	3.25945404561536E-8
831.473	3.2682695750788E-8
831.714	3.27319292677723E-8
831.955	3.29996025385112E-8
832.197	3.29287656000764E-8
832.438	3.30564724518645E-8
832.679	3.30535148914087E-8
832.92	3.31617453142672E-8
833.161	3.30674427739348E-8
833.401	3.33294678894783E-8
833.642	3.34413285212418E-8
833.883	3.34481252300976E-8
834.124	3.33896136108375E-8
834.364	3.36302689680172E-8
834.605	3.35665235312191E-8
834.845	3.37610155041027E-8
835.086	3.35511352527515E-8
835.326	3.38198239087874E-8
835.567	3.37216846906182E-8
835.807	3.38522576299597E-8
836.047	3.37788039149484E-8
836.287	3.38880644687649E-8
836.527	3.40993748886411E-8
836.768	3.38904981145047E-8
837.008	3.38424117958477E-8
837.247	3.38722360299621E-8
837.487	3.39361609858523E-8
837.727	3.39152890556853E-8
837.967	3.38627596593814E-8
838.207	3.36990172157877E-8
838.446	3.39212929510553E-8
838.686	3.37829968433129E-8
838.925	3.39526143119698E-8
839.165	3.38978116124393E-8
839.404	3.40775309792271E-8
839.644	3.39535940504105E-8
839.883	3.40850416603767E-8
840.122	3.40473658981292E-8
840.361	3.43240619534516E-8
840.601	3.418687874004E-8
840.84	3.43140143019416E-8
841.079	3.43661425003345E-8
841.318	3.44549180473441E-8
841.557	3.44161872312955E-8
841.795	3.46342034730034E-8
842.034	3.47615747286878E-8
842.273	3.50089609768089E-8
842.512	3.48780738236551E-8
842.75	3.49652103966261E-8
842.989	3.49446237439816E-8
843.227	3.51932166380637E-8
843.466	3.50790141442602E-8
843.704	3.50103678631866E-8
843.942	3.51493064040126E-8
844.181	3.51044909710337E-8
844.419	3.5286430011624E-8
844.657	3.53489029465925E-8
844.895	3.52370066167522E-8
845.133	3.53566867884868E-8
845.371	3.54318027888392E-8
845.609	3.5514267279242E-8
845.847	3.55556630839803E-8
846.085	3.56223069564039E-8
846.323	3.54279541278551E-8
846.56	3.55553259931595E-8
846.798	3.5365230646856E-8
847.035	3.55089421091833E-8
847.273	3.53946113461307E-8
847.51	3.55865075151582E-8
847.748	3.55537578877176E-8
847.985	3.56073523380179E-8
848.223	3.55779783886054E-8
848.46	3.55766578067771E-8
848.697	3.56500337456539E-8
848.934	3.56893522698844E-8
849.171	3.58013458938861E-8
849.408	3.5802514476937E-8
849.645	3.59505750673616E-8
849.882	3.60430012866589E-8
850.119	3.62185515375422E-8
850.356	3.63215735463232E-8
850.592	3.66242521672608E-8
850.829	3.66299000858391E-8
851.066	3.65165178030911E-8
851.302	3.67755663458328E-8
851.539	3.65984345699873E-8
851.775	3.68786608676284E-8
852.012	3.67783766040799E-8
852.248	3.68183992744823E-8
852.484	3.68926291351572E-8
852.72	3.70711761865685E-8
852.957	3.70090164348231E-8
853.193	3.69493414963097E-8
853.429	3.69029592206483E-8
853.665	3.70073381784109E-8
853.901	3.70045165745629E-8
854.137	3.68039081880454E-8
854.372	3.70017488715078E-8
854.608	3.69653044328654E-8
854.844	3.70691859497916E-8
855.08	3.68444376450574E-8
855.315	3.70842127951463E-8
855.551	3.69945593531712E-8
855.786	3.73123151324641E-8
856.022	3.72332681022008E-8
856.257	3.74080881618616E-8
856.492	3.75002236565456E-8
856.728	3.73553082824251E-8
856.963	3.75490158238749E-8
857.198	3.77325395591188E-8
857.433	3.78921793347557E-8
857.668	3.80346968833579E-8
857.903	3.82493526960893E-8
858.138	3.84059507734928E-8
858.373	3.84608576763194E-8
858.608	3.84994130087081E-8
858.843	3.83420501155397E-8
859.077	3.86658328540475E-8
859.312	3.86424254737994E-8
859.547	3.85145092450281E-8
859.781	3.85762656135171E-8
860.016	3.83918760619884E-8
860.25	3.84955720221421E-8
860.484	3.87593023428576E-8
860.719	3.86394166318806E-8
860.953	3.87114687503029E-8
861.187	3.85896788021665E-8
861.421	3.87113276402966E-8
861.655	3.88024722133103E-8
861.889	3.8840542804339E-8
862.123	3.88951625527757E-8
862.357	3.89232265638068E-8
862.591	3.89939692095437E-8
862.825	3.9180939431052E-8
863.059	3.91713691871436E-8
863.293	3.90846845474822E-8
863.526	3.93971763620183E-8
863.76	3.93154263163592E-8
863.993	3.96257486476535E-8
864.227	3.96408917728636E-8
864.46	3.99624855223173E-8
864.694	3.99006497238669E-8
864.927	3.99173651863533E-8
865.16	4.0053960401576E-8
865.393	4.03285609185832E-8
865.627	4.02872981424333E-8
865.86	4.03106833228029E-8
866.093	4.03543373683972E-8
866.326	4.04759673185492E-8
866.559	4.04847503068687E-8
866.792	4.03620371154788E-8
867.024	4.06180420952286E-8
867.257	4.07387900999179E-8
867.49	4.07373009863395E-8
867.723	4.06888407351072E-8
867.955	4.0853270287991E-8
868.188	4.08325491739749E-8
868.42	4.09579731150103E-8
868.653	4.09236023742501E-8
868.885	4.08644923495151E-8
869.117	4.11683210637599E-8
869.35	4.11038709807619E-8
869.582	4.11443296765669E-8
869.814	4.12150708665923E-8
870.046	4.1277653841054E-8
870.278	4.13338828337952E-8
870.51	4.14478592226634E-8
870.742	4.13803602303114E-8
870.974	4.16177363192207E-8
871.206	4.17050979824671E-8
871.438	4.15293695170468E-8
871.669	4.18183367257915E-8
871.901	4.19252732319748E-8
872.133	4.18930379888629E-8
872.364	4.22887063322492E-8
872.596	4.20393366764006E-8
872.827	4.24412829291018E-8
873.059	4.24026928070931E-8
873.29	4.24417903644079E-8
873.521	4.25957198920878E-8
873.752	4.3066321964108E-8
873.984	4.30758269807379E-8
874.215	4.31612222453707E-8
874.446	4.31876131350586E-8
874.677	4.32392988851054E-8
874.908	4.3492397095157E-8
875.139	4.35812455688377E-8
875.37	4.34739178156555E-8
875.6	4.37611866640549E-8
875.831	4.3820149878166E-8
876.062	4.39133264290238E-8
876.293	4.39802306385294E-8
876.523	4.40631947272164E-8
876.754	4.39435308152517E-8
876.984	4.42778082928919E-8
877.215	4.42408292882187E-8
877.445	4.42921649544932E-8
877.675	4.47448791542467E-8
877.906	4.46713175484076E-8
878.136	4.45009755977612E-8
878.366	4.45503260748435E-8
878.596	4.46555373941524E-8
878.826	4.46135742449395E-8
879.056	4.47939858508977E-8
879.286	4.49495070473378E-8
879.516	4.50310233450329E-8
879.746	4.48111415104743E-8
879.975	4.51314461834394E-8
880.205	4.53548786985098E-8
880.435	4.53420793878807E-8
880.664	4.55583867347061E-8
880.894	4.55732771139619E-8
881.124	4.55822512221647E-8
881.353	4.56409450532155E-8
881.582	4.5833670517876E-8
881.812	4.57248982970891E-8
882.041	4.58346145345874E-8
882.27	4.614323450715E-8
882.5	4.598901344853E-8
882.729	4.6110761418643E-8
882.958	4.60742675386131E-8
883.187	4.60873376751308E-8
883.416	4.6055600024823E-8
883.645	4.62389711182322E-8
883.874	4.6126810239998E-8
884.102	4.64431325912854E-8
884.331	4.65157872432458E-8
884.56	4.65359836519901E-8
884.788	4.67636872114508E-8
885.017	4.67955915470194E-8
885.246	4.66873720154471E-8
885.474	4.69200839169309E-8
885.703	4.68807685129568E-8
885.931	4.69557724823072E-8
886.159	4.71502076907043E-8
886.388	4.70078260042215E-8
886.616	4.71891430226074E-8
886.844	4.72048787260401E-8
887.072	4.71579265746464E-8
887.3	4.71184656385855E-8
887.528	4.7147131496658E-8
887.756	4.71843926341236E-8
887.984	4.7401065218906E-8
888.212	4.75264327049773E-8
888.44	4.74957265861629E-8
888.668	4.74318058711098E-8
888.895	4.74468632061848E-8
889.123	4.72620189830056E-8
889.35	4.75811159032545E-8
889.578	4.75878348896065E-8
889.805	4.80679162878328E-8
890.033	4.7952093301779E-8
890.26	4.84365304579506E-8
890.488	4.81863969794566E-8
890.715	4.84738628319154E-8
890.942	4.85400467442296E-8
891.169	4.86644880304591E-8
891.396	4.89230236295617E-8
891.624	4.8673770057726E-8
891.851	4.83102657257963E-8
892.077	4.87644666271612E-8
892.304	4.89364902225843E-8
892.531	4.90895458652093E-8
892.758	4.92088188990435E-8
892.985	4.93633788738027E-8
893.212	4.92064781344793E-8
893.438	4.95312377592851E-8
893.665	4.93683905280962E-8
893.891	4.96102509635472E-8
894.118	4.95144020421183E-8
894.344	4.99954448919356E-8
894.571	4.97537948987094E-8
894.797	4.98908224599211E-8
895.023	4.99289223815448E-8
895.249	5.03161200354542E-8
895.476	5.01303980481782E-8
895.702	5.01007348801938E-8
895.928	5.01978168311369E-8
896.154	5.00768199969042E-8
896.38	5.00066465874824E-8
896.606	5.00389705885663E-8
896.832	4.99980643018463E-8
897.057	5.02954686527776E-8
897.283	5.04203238393832E-8
897.509	5.0527335455291E-8
897.735	5.04204668909997E-8
897.96	5.08480298818571E-8
898.186	5.07584966518812E-8
898.411	5.11532849240174E-8
898.637	5.08965074837538E-8
898.862	5.11394165668743E-8
899.087	5.14155116579697E-8
899.313	5.14062287582765E-8
899.538	5.1512576794752E-8
899.763	5.17195136953425E-8
899.988	5.18048648118129E-8
900.213	5.17924094451944E-8
900.438	5.1955484237497E-8
900.663	5.22756895048197E-8
900.888	5.22833608644157E-8
901.113	5.23178375928449E-8
901.338	5.24085073126693E-8
901.563	5.26805537046661E-8
901.788	5.25624566388924E-8
902.012	5.27682409581278E-8
902.237	5.25366123081059E-8
902.461	5.29203656711661E-8
902.686	5.28712809437476E-8
902.91	5.29780731737977E-8
903.135	5.27612095467473E-8
903.359	5.28703309197224E-8
903.583	5.32118519992582E-8
903.808	5.31395983247063E-8
904.032	5.32243015326936E-8
904.256	5.29485589184945E-8
904.48	5.32018157997238E-8
904.704	5.32932962502976E-8
904.928	5.34382251101511E-8
905.152	5.34113336835275E-8
905.376	5.35697308369942E-8
905.6	5.37673724330547E-8
905.824	5.38463733838972E-8
906.048	5.37830521824887E-8
906.271	5.4279174958303E-8
906.495	5.44302634763073E-8
906.719	5.44255299417764E-8
906.942	5.47885045966978E-8
907.166	5.4636209923175E-8
907.389	5.47837783746042E-8
907.612	5.51554534016594E-8
907.836	5.49990789035819E-8
908.059	5.5091232358807E-8
908.282	5.52342117525835E-8
908.505	5.54697808148904E-8
908.729	5.52979108315539E-8
908.952	5.52711127565722E-8
909.175	5.54191368366251E-8
909.398	5.54721417069524E-8
909.621	5.5811347284903E-8
909.844	5.58813101531552E-8
910.066	5.63454214025913E-8
910.289	5.66476827598722E-8
910.512	5.68899508141627E-8
910.735	5.67829720789147E-8
910.957	5.70113432484466E-8
911.18	5.67921799916011E-8
911.402	5.73253932603064E-8
911.625	5.71195192527753E-8
911.847	5.75626185015971E-8
912.07	5.74992843033862E-8
912.292	5.74511769082104E-8
912.514	5.7511895774168E-8
912.736	5.77700169432954E-8
912.959	5.76155688065773E-8
913.181	5.78817132398097E-8
913.403	5.79679793679003E-8
913.625	5.80820126175222E-8
913.847	5.84045355929922E-8
914.069	5.87321190489263E-8
914.291	5.89499908978932E-8
914.512	5.93227446739139E-8
914.734	5.91977271855551E-8
914.956	5.97461633923849E-8
915.178	5.94820252547955E-8
915.399	5.95710058468391E-8
915.621	5.9528405754545E-8
915.842	5.9830041089558E-8
916.064	5.99368919338725E-8
916.285	6.02632803210614E-8
916.507	6.01336860103741E-8
916.728	6.03198960671193E-8
916.949	6.05599365849371E-8
917.17	6.10603636366593E-8
917.392	6.08999206772778E-8
917.613	6.11597934879183E-8
917.834	6.16118249558322E-8
918.055	6.16931744711572E-8
918.276	6.19448703462238E-8
918.497	6.18692212093955E-8
918.718	6.15096841144503E-8
918.938	6.17256677821706E-8
919.159	6.16452572605877E-8
919.38	6.1886694987672E-8
919.601	6.1877188402305E-8
919.821	6.23451157516237E-8
920.042	6.25576812154792E-8
920.262	6.31548316968348E-8
920.483	6.3036612306597E-8
920.703	6.38876055592428E-8
920.924	6.3643448509477E-8
921.144	6.38020636995063E-8
921.364	6.41491368628196E-8
921.584	6.44940269006995E-8
921.805	6.44525283436047E-8
922.025	6.45036496514496E-8
922.245	6.46944086942108E-8
922.465	6.50010418172589E-8
922.685	6.52724646029021E-8
922.905	6.55183180691148E-8
923.125	6.54446358639933E-8
923.344	6.6263187673531E-8
923.564	6.66281119339294E-8
923.784	6.68908718925384E-8
924.004	6.65785171341139E-8
924.223	6.73059033618449E-8
924.443	6.70287379680407E-8
924.662	6.74891266325339E-8
924.882	6.74747129751141E-8
925.101	6.79348197711767E-8
925.321	6.81519052860003E-8
925.54	6.85833642374314E-8
925.759	6.92097058149181E-8
925.979	6.93840958109383E-8
926.198	6.96260145548082E-8
926.417	7.01579319646406E-8
926.636	7.0279968872265E-8
926.855	7.07541261420927E-8
927.074	7.10487257953551E-8
927.293	7.174724075142E-8
927.512	7.22973132846418E-8
927.731	7.27139024799238E-8
927.95	7.28633850470423E-8
928.168	7.36096397444325E-8
928.387	7.42757641098031E-8
928.606	7.41103716170018E-8
928.824	7.49551350136903E-8
929.043	7.48829791021839E-8
929.261	7.52414974092526E-8
929.48	7.47028405313988E-8
929.698	7.47855886236135E-8
929.917	7.53026764433306E-8
930.135	7.62755402720243E-8
930.353	8.21813073276008E-8
930.571	8.01446581081109E-8
930.79	0
931.008	0
931.226	0
931.444	0
