400	3.96E-4	0.01431	3.96E-4	0.06785
401	4.33715E-4	0.0157	4.33715E-4	0.07449
402	4.73024E-4	0.01715	4.73024E-4	0.08136
403	5.17876E-4	0.01878	5.17876E-4	0.08915
404	5.72219E-4	0.02075	5.72219E-4	0.09854
405	6.4E-4	0.02319	6.4E-4	0.1102
406	7.2456E-4	0.02621	7.2456E-4	0.12461
407	8.255E-4	0.02978	8.255E-4	0.1417
408	9.4116E-4	0.03388	9.4116E-4	0.1613
409	0.00107	0.03847	0.00107	0.18326
410	0.00121	0.04351	0.00121	0.2074
411	0.00136	0.049	0.00136	0.23369
412	0.00153	0.05502	0.00153	0.26261
413	0.00172	0.06172	0.00172	0.29477
414	0.00194	0.06921	0.00194	0.3308
415	0.00218	0.07763	0.00218	0.3713
416	0.00245	0.08696	0.00245	0.41621
417	0.00276	0.09718	0.00276	0.46546
418	0.00312	0.10841	0.00312	0.51969
419	0.00353	0.12077	0.00353	0.57953
420	0.004	0.13438	0.004	0.6456
421	0.00455	0.14936	0.00455	0.71848
422	0.00516	0.1654	0.00516	0.79671
423	0.00583	0.18198	0.00583	0.87785
424	0.00655	0.19861	0.00655	0.95944
425	0.0073	0.21477	0.0073	1.03905
426	0.00809	0.23019	0.00809	1.11537
427	0.00891	0.24488	0.00891	1.1885
428	0.00977	0.25878	0.00977	1.25812
429	0.01066	0.27181	0.01066	1.32393
430	0.0116	0.2839	0.0116	1.3856
431	0.01257	0.29494	0.01257	1.44264
432	0.01358	0.3049	0.01358	1.4948
433	0.01463	0.31379	0.01463	1.54219
434	0.01572	0.32165	0.01572	1.58488
435	0.01684	0.3285	0.01684	1.62296
436	0.01801	0.33435	0.01801	1.6564
437	0.01921	0.33921	0.01921	1.6853
438	0.02045	0.34312	0.02045	1.70987
439	0.02172	0.34613	0.02172	1.73038
440	0.023	0.34828	0.023	1.74706
441	0.02429	0.3496	0.02429	1.76004
442	0.02561	0.35015	0.02561	1.76962
443	0.02696	0.35001	0.02696	1.77626
444	0.02835	0.34929	0.02835	1.78043
445	0.0298	0.34806	0.0298	1.7826
446	0.03131	0.34637	0.03131	1.78297
447	0.03288	0.34426	0.03288	1.7817
448	0.03452	0.34181	0.03452	1.7792
449	0.03623	0.33909	0.03623	1.77587
450	0.038	0.3362	0.038	1.77211
451	0.03985	0.3332	0.03985	1.76826
452	0.04177	0.33004	0.04177	1.76404
453	0.04377	0.32664	0.04377	1.75894
454	0.04584	0.32289	0.04584	1.75247
455	0.048	0.3187	0.048	1.7441
456	0.05024	0.31403	0.05024	1.73356
457	0.05257	0.30888	0.05257	1.72086
458	0.05498	0.30329	0.05498	1.70594
459	0.05746	0.29726	0.05746	1.68874
460	0.06	0.2908	0.06	1.6692
461	0.0626	0.28397	0.0626	1.64753
462	0.06528	0.27672	0.06528	1.62341
463	0.06804	0.26892	0.06804	1.59602
464	0.07091	0.26042	0.07091	1.56453
465	0.0739	0.2511	0.0739	1.5281
466	0.07702	0.24085	0.07702	1.48611
467	0.08027	0.22985	0.08027	1.43952
468	0.08367	0.21841	0.08367	1.38988
469	0.08723	0.20681	0.08723	1.33874
470	0.09098	0.19536	0.09098	1.28764
471	0.09492	0.18421	0.09492	1.23742
472	0.09905	0.17333	0.09905	1.18782
473	0.10337	0.16269	0.10337	1.13876
474	0.10788	0.15228	0.10788	1.09015
475	0.1126	0.1421	0.1126	1.0419
476	0.11753	0.13218	0.11753	0.9942
477	0.12267	0.12257	0.12267	0.94735
478	0.12799	0.11328	0.12799	0.90145
479	0.13345	0.1043	0.13345	0.85662
480	0.13902	0.09564	0.13902	0.81295
481	0.14468	0.0873	0.14468	0.77052
482	0.15047	0.07931	0.15047	0.72944
483	0.15646	0.07172	0.15646	0.68991
484	0.16272	0.06458	0.16272	0.6521
485	0.1693	0.05795	0.1693	0.6162
486	0.17624	0.05186	0.17624	0.58233
487	0.18356	0.04628	0.18356	0.55042
488	0.19127	0.04115	0.19127	0.52034
489	0.19942	0.03641	0.19942	0.49197
490	0.20802	0.03201	0.20802	0.46518
491	0.21712	0.02792	0.21712	0.43992
492	0.22673	0.02414	0.22673	0.41618
493	0.23686	0.02069	0.23686	0.39388
494	0.24748	0.01754	0.24748	0.37295
495	0.2586	0.0147	0.2586	0.3533
496	0.27018	0.01216	0.27018	0.33486
497	0.28229	0.00992	0.28229	0.31755
498	0.29505	0.00797	0.29505	0.30134
499	0.30858	0.0063	0.30858	0.28617
500	0.323	0.0049	0.323	0.272
501	0.3384	0.00378	0.3384	0.25882
502	0.35469	0.00295	0.35469	0.24648
503	0.3717	0.00242	0.3717	0.23477
504	0.38929	0.00224	0.38929	0.22345
505	0.4073	0.0024	0.4073	0.2123
506	0.42563	0.00293	0.42563	0.20117
507	0.44431	0.00384	0.44431	0.19012
508	0.46339	0.00517	0.46339	0.17923
509	0.48294	0.00698	0.48294	0.16856
510	0.503	0.0093	0.503	0.1582
511	0.52357	0.01215	0.52357	0.14814
512	0.54451	0.01554	0.54451	0.13838
513	0.56569	0.01948	0.56569	0.12899
514	0.58697	0.02399	0.58697	0.12008
515	0.6082	0.0291	0.6082	0.1117
516	0.62935	0.03481	0.62935	0.1039
517	0.65031	0.04112	0.65031	0.09667
518	0.67088	0.04799	0.67088	0.08998
519	0.69084	0.05538	0.69084	0.08385
520	0.71	0.06327	0.71	0.07825
521	0.72819	0.07164	0.72819	0.07321
522	0.74546	0.08046	0.74546	0.06868
523	0.76197	0.08974	0.76197	0.06457
524	0.77784	0.09946	0.77784	0.06079
525	0.7932	0.1096	0.7932	0.05725
526	0.80811	0.12017	0.80811	0.0539
527	0.8225	0.13111	0.8225	0.05075
528	0.83631	0.14237	0.83631	0.04775
529	0.84949	0.15385	0.84949	0.0449
530	0.862	0.1655	0.862	0.04216
531	0.87381	0.17726	0.87381	0.03951
532	0.88496	0.18914	0.88496	0.03694
533	0.89549	0.20117	0.89549	0.03446
534	0.90544	0.21337	0.90544	0.03209
535	0.91485	0.22575	0.91485	0.02984
536	0.92373	0.23832	0.92373	0.02771
537	0.93209	0.25107	0.93209	0.02569
538	0.93992	0.26399	0.93992	0.02379
539	0.94723	0.2771	0.94723	0.02199
540	0.954	0.2904	0.954	0.0203
541	0.96026	0.30389	0.96026	0.01872
542	0.96601	0.31757	0.96601	0.01724
543	0.97126	0.33144	0.97126	0.01586
544	0.97602	0.34548	0.97602	0.01458
545	0.9803	0.3597	0.9803	0.0134
546	0.98409	0.37408	0.98409	0.01231
547	0.98742	0.38864	0.98742	0.0113
548	0.99031	0.40338	0.99031	0.01038
549	0.99281	0.41831	0.99281	0.00953
550	0.99495	0.43345	0.99495	0.00875
551	0.99671	0.4488	0.99671	0.00804
552	0.9981	0.46434	0.9981	0.00738
553	0.99911	0.48006	0.99911	0.00679
554	0.99975	0.49597	0.99975	0.00624
555	1	0.51205	1	0.00575
556	0.99986	0.5283	0.99986	0.0053
557	0.9993	0.54469	0.9993	0.0049
558	0.99833	0.56121	0.99833	0.00453
559	0.9969	0.57782	0.9969	0.0042
560	0.995	0.5945	0.995	0.0039
561	0.9926	0.61122	0.9926	0.00362
562	0.98974	0.62798	0.98974	0.00337
563	0.98644	0.64476	0.98644	0.00314
564	0.98272	0.66157	0.98272	0.00293
565	0.9786	0.6784	0.9786	0.00275
566	0.97408	0.69524	0.97408	0.00259
567	0.96917	0.71206	0.96917	0.00244
568	0.96386	0.72883	0.96386	0.00231
569	0.95813	0.74552	0.95813	0.0022
570	0.952	0.7621	0.952	0.0021
571	0.94545	0.77854	0.94545	0.00202
572	0.9385	0.79483	0.9385	0.00195
573	0.93116	0.81093	0.93116	0.00189
574	0.92346	0.82682	0.92346	0.00184
575	0.9154	0.8425	0.9154	0.0018
576	0.90701	0.85793	0.90701	0.00177
577	0.89828	0.87308	0.89828	0.00174
578	0.8892	0.88789	0.8892	0.00171
579	0.87978	0.90232	0.87978	0.00168
580	0.87	0.9163	0.87	0.00165
581	0.85986	0.9298	0.85986	0.00161
582	0.84939	0.9428	0.84939	0.00156
583	0.83862	0.95528	0.83862	0.00151
584	0.82758	0.96722	0.82758	0.00146
585	0.8163	0.9786	0.8163	0.0014
586	0.80479	0.98939	0.80479	0.00134
587	0.79308	0.99955	0.79308	0.00127
588	0.78119	1.00909	0.78119	0.00121
589	0.76915	1.01801	0.76915	0.00115
590	0.757	1.0263	0.757	0.0011
591	0.74475	1.03398	0.74475	0.00107
592	0.73242	1.04099	0.73242	0.00105
593	0.72	1.04719	0.72	0.00104
594	0.7075	1.05247	0.7075	0.00102
595	0.6949	1.0567	0.6949	1E-3
596	0.68222	1.05979	0.68222	9.6864E-4
597	0.66947	1.0618	0.66947	9.2992E-4
598	0.65667	1.06281	0.65667	8.8688E-4
599	0.64384	1.06291	0.64384	8.4256E-4
600	0.631	1.0622	0.631	8E-4
601	0.61816	1.06074	0.61816	7.6096E-4
602	0.60531	1.05844	0.60531	7.2368E-4
603	0.59248	1.05522	0.59248	6.8592E-4
604	0.57964	1.05098	0.57964	6.4544E-4
605	0.5668	1.0456	0.5668	6E-4
606	0.55396	1.03904	0.55396	5.47867E-4
607	0.54114	1.03136	0.54114	4.916E-4
608	0.52835	1.02267	0.52835	4.354E-4
609	0.51563	1.01305	0.51563	3.83467E-4
610	0.503	1.0026	0.503	3.4E-4
611	0.49047	0.99137	0.49047	3.07253E-4
612	0.47803	0.97933	0.47803	2.8316E-4
613	0.46568	0.96649	0.46568	2.6544E-4
614	0.4534	0.95285	0.4534	2.51813E-4
615	0.4412	0.9384	0.4412	2.4E-4
616	0.42908	0.92319	0.42908	2.29547E-4
617	0.41704	0.90724	0.41704	2.2064E-4
618	0.40503	0.8905	0.40503	2.1196E-4
619	0.39303	0.87292	0.39303	2.02187E-4
620	0.381	0.85445	0.381	1.9E-4
621	0.36892	0.83508	0.36892	1.74213E-4
622	0.35683	0.81495	0.35683	1.5564E-4
623	0.34478	0.79419	0.34478	1.3596E-4
624	0.33282	0.77295	0.33282	1.16853E-4
625	0.321	0.7514	0.321	1E-4
626	0.30934	0.72958	0.30934	8.61333E-5
627	0.29785	0.70759	0.29785	7.46E-5
628	0.28659	0.6856	0.28659	6.5E-5
629	0.27562	0.66381	0.27562	5.69333E-5
630	0.265	0.6424	0.265	5E-5
631	0.25476	0.62151	0.25476	4.416E-5
632	0.24489	0.60111	0.24489	3.948E-5
633	0.23533	0.58111	0.23533	3.572E-5
634	0.22605	0.5614	0.22605	3.264E-5
635	0.217	0.5419	0.217	3E-5
636	0.20816	0.5226	0.20816	2.76533E-5
637	0.19955	0.50355	0.19955	2.556E-5
638	0.19116	0.48474	0.19116	2.364E-5
639	0.18297	0.46619	0.18297	2.18133E-5
640	0.175	0.4479	0.175	2E-5
641	0.16722	0.42986	0.16722	1.81333E-5
642	0.15965	0.4121	0.15965	1.62E-5
643	0.15228	0.39464	0.15228	1.42E-5
644	0.14513	0.37753	0.14513	1.21333E-5
645	0.1382	0.3608	0.1382	1E-5
646	0.1315	0.34446	0.1315	7.73333E-6
647	0.12502	0.32852	0.12502	5.4E-6
648	0.11878	0.31302	0.11878	3.2E-6
649	0.11277	0.298	0.11277	1.33333E-6
650	0.107	0.2835	0.107	0
651	0.10148	0.26954	0.10148	0
652	0.09619	0.25612	0.09619	0
653	0.09112	0.24319	0.09112	0
654	0.08626	0.23073	0.08626	0
655	0.0816	0.2187	0.0816	0
656	0.07712	0.2071	0.07712	0
657	0.07283	0.19592	0.07283	0
658	0.06871	0.18517	0.06871	0
659	0.06477	0.17483	0.06477	0
660	0.061	0.1649	0.061	0
661	0.0574	0.15537	0.0574	0
662	0.05396	0.14623	0.05396	0
663	0.05067	0.13749	0.05067	0
664	0.04755	0.12915	0.04755	0
665	0.04458	0.1212	0.04458	0
666	0.04176	0.11364	0.04176	0
667	0.03908	0.10647	0.03908	0
668	0.03656	0.09969	0.03656	0
669	0.0342	0.09333	0.0342	0
670	0.032	0.0874	0.032	0
671	0.02996	0.0819	0.02996	0
672	0.02808	0.0768	0.02808	0
673	0.02633	0.07208	0.02633	0
674	0.02471	0.06769	0.02471	0
675	0.0232	0.0636	0.0232	0
676	0.0218	0.05981	0.0218	0
677	0.0205	0.05628	0.0205	0
678	0.01928	0.05297	0.01928	0
679	0.01812	0.04982	0.01812	0
680	0.017	0.04677	0.017	0
681	0.0159	0.04378	0.0159	0
682	0.01484	0.04088	0.01484	0
683	0.01381	0.03807	0.01381	0
684	0.01283	0.0354	0.01283	0
685	0.01192	0.0329	0.01192	0
686	0.01107	0.03056	0.01107	0
687	0.01027	0.02838	0.01027	0
688	0.00953	0.02634	0.00953	0
689	0.00885	0.02445	0.00885	0
690	0.00821	0.0227	0.00821	0
691	0.00762	0.02108	0.00762	0
692	0.00709	0.0196	0.00709	0
693	0.00659	0.01824	0.00659	0
694	0.00614	0.01699	0.00614	0
695	0.00572	0.01584	0.00572	0
696	0.00534	0.01479	0.00534	0
697	0.005	0.01383	0.005	0
698	0.00468	0.01295	0.00468	0
699	0.00438	0.01213	0.00438	0
700	0.0041	0.01136	0.0041	0
701	0.00384	0.01063	0.00384	0
702	0.00359	0.00994	0.00359	0
703	0.00335	0.00929	0.00335	0
704	0.00313	0.00868	0.00313	0
705	0.00293	0.00811	0.00293	0
706	0.00274	0.00758	0.00274	0
707	0.00256	0.00709	0.00256	0
708	0.00239	0.00663	0.00239	0
709	0.00224	0.0062	0.00224	0
710	0.00209	0.00579	0.00209	0
711	0.00195	0.00541	0.00195	0
712	0.00182	0.00505	0.00182	0
713	0.0017	0.00472	0.0017	0
714	0.00159	0.0044	0.00159	0
715	0.00148	0.00411	0.00148	0
716	0.00138	0.00383	0.00138	0
717	0.00129	0.00358	0.00129	0
718	0.0012	0.00333	0.0012	0
719	0.00112	0.00311	0.00112	0
720	0.00105	0.0029	0.00105	0
721	9.7659E-4	0.0027	9.7659E-4	0
722	9.11109E-4	0.00252	9.11109E-4	0
723	8.50133E-4	0.00235	8.50133E-4	0
724	7.93238E-4	0.0022	7.93238E-4	0
725	7.4E-4	0.00205	7.4E-4	0
726	6.90083E-4	0.00191	6.90083E-4	0
727	6.4331E-4	0.00178	6.4331E-4	0
728	5.99496E-4	0.00166	5.99496E-4	0
729	5.58455E-4	0.00155	5.58455E-4	0
730	5.2E-4	0.00144	5.2E-4	0
731	4.83914E-4	0.00134	4.83914E-4	0
732	4.50053E-4	0.00125	4.50053E-4	0
733	4.18345E-4	0.00116	4.18345E-4	0
734	3.88718E-4	0.00108	3.88718E-4	0
735	3.611E-4	9.99949E-4	3.611E-4	0
736	3.35384E-4	9.28736E-4	3.35384E-4	0
737	3.1144E-4	8.62433E-4	3.1144E-4	0
738	2.89166E-4	8.0075E-4	2.89166E-4	0
739	2.68454E-4	7.43396E-4	2.68454E-4	0
740	2.492E-4	6.90079E-4	2.492E-4	0
741	2.31302E-4	6.40516E-4	2.31302E-4	0
742	2.14686E-4	5.94502E-4	2.14686E-4	0
743	1.99288E-4	5.51865E-4	1.99288E-4	0
744	1.85048E-4	5.12429E-4	1.85048E-4	0
745	1.719E-4	4.76021E-4	1.719E-4	0
746	1.59778E-4	4.42454E-4	1.59778E-4	0
747	1.48604E-4	4.11512E-4	1.48604E-4	0
748	1.38302E-4	3.82981E-4	1.38302E-4	0
749	1.28793E-4	3.56649E-4	1.28793E-4	0
750	1.2E-4	3.32301E-4	1.2E-4	0
751	1.1186E-4	3.09759E-4	1.1186E-4	0
752	1.04322E-4	2.88887E-4	1.04322E-4	0
753	9.73356E-5	2.69539E-4	9.73356E-5	0
754	9.08459E-5	2.51568E-4	9.08459E-5	0
755	8.48E-5	2.34826E-4	8.48E-5	0
756	7.91467E-5	2.19171E-4	7.91467E-5	0
757	7.3858E-5	2.04526E-4	7.3858E-5	0
758	6.8916E-5	1.90841E-4	6.8916E-5	0
759	6.43027E-5	1.78065E-4	6.43027E-5	0
760	6E-5	1.66151E-4	6E-5	0
761	5.59819E-5	1.55024E-4	5.59819E-5	0
762	5.22256E-5	1.44622E-4	5.22256E-5	0
763	4.87184E-5	1.3491E-4	4.87184E-5	0
764	4.54475E-5	1.25852E-4	4.54475E-5	0
765	4.24E-5	1.17413E-4	4.24E-5	0
766	3.9561E-5	1.09552E-4	3.9561E-5	0
767	3.69151E-5	1.02225E-4	3.69151E-5	0
768	3.44487E-5	9.53944E-5	3.44487E-5	0
769	3.21482E-5	8.90239E-5	3.21482E-5	0
770	3E-5	8.30753E-5	3E-5	0
771	2.79913E-5	7.75127E-5	2.79913E-5	0
772	2.61136E-5	7.2313E-5	2.61136E-5	0
773	2.43602E-5	6.74578E-5	2.43602E-5	0
774	2.27246E-5	6.29284E-5	2.27246E-5	0
775	2.12E-5	5.87065E-5	2.12E-5	0
776	1.97786E-5	5.47703E-5	1.97786E-5	0
777	1.84529E-5	5.10992E-5	1.84529E-5	0
778	1.72169E-5	4.76765E-5	1.72169E-5	0
779	1.60646E-5	4.44857E-5	1.60646E-5	0
780	1.499E-5	4.15099E-5	1.499E-5	0
781	1.40E-05	0	0	0
782	1.31E-05	0	0	0
783	1.22E-05	0	0	0
784	1.14E-05	0	0	0
785	0.0000106	0	0	0
786	9.89E-06	0	0	0
787	9.22E-06	0	0	0
788	8.59E-06	0	0	0
789	8.01E-06	0	0	0
790	7.47E-06	0	0	0
791	6.96E-06	0	0	0
792	6.49E-06	0	0	0
793	6.05E-06	0	0	0
794	5.64E-06	0	0	0
795	5.26E-06	0	0	0
796	4.90E-06	0	0	0
797	4.57E-06	0	0	0
798	4.26E-06	0	0	0
799	3.97E-06	0	0	0
800	3.70E-06	0	0	0
